Mixture	Bcells	CAFs	CD4_Tcells	CD8_Tcells	Endothelial	Macrophages	NKcells	P-value	Correlation	RMSE
TCGA.D3.A8GB.06A	0.367604218124704	0	0.114519188502532	0.117915297427164	0.0136919047495838	0.336214603321597	0.0500547878744194	0	0.821107956002908	0.748954665907504
TCGA.WE.A8ZN.06A	0.0405888933567438	0.00311098375603753	0.154003016542418	0.174282127798086	0.0531589151938688	0.543415793518236	0.0314402698346097	0	0.7152274356325	0.738868774904622
TCGA.ER.A2NF.01A	0.262125930975256	0	0.0726484496663617	0.0494342582392686	0.0394253926560651	0.564143011264517	0.012222957198532	0	0.688274286327295	0.751373190498327
TCGA.HR.A2OH.06A	0	0	0.00769489669157822	0.375028970159027	0	0.616477935390722	0.000798197758672404	0	0.715134910175967	0.720788155160797
TCGA.WE.A8K6.06A	0.00861979209219429	0.00984236431970526	0.128245117259805	0.00247598746584208	0.225778951737827	0.622520035671299	0.00251775145332721	0	0.706991960033069	0.723562741472324
TCGA.RP.A695.06A	0.0196806801799028	0.00405229553298082	0.106002044428725	0.076739045742131	0.0459145827470523	0.747611351369208	0	0	0.610147374592783	0.786562928662701
TCGA.D9.A3Z1.06A	0.0870589854565209	0.00189062854481195	0.0104843431093434	0.0819575551118959	0.0178309264148605	0.796506955138828	0.00427060622373919	0	0.716839217462076	0.697297913108508
TCGA.GF.A6C8.06A	0.00420835372909275	0.00255133811740298	0.108431675841397	0	0.048669067137545	0.775839835167855	0.060299730006707	0	0.774589419684709	0.64288083186336
TCGA.D3.A1Q6.06A	0.00726257580741156	0.00551479965163804	0.302205460884884	0	0.0781486443234954	0.606868519332571	0	0	0.92874616546704	0.557316864869277
TCGA.ER.A195.06A	0	0	0.07835983715885	0.0945829983528346	0.0241349082747576	0.802922256213558	0	0	0.724402962367324	0.688283456120423
TCGA.ER.A2NG.06A	0.00432513293538166	0	0.0387244124111481	0.222640228394707	0.0327348088880063	0.623696247189822	0.0778791701809348	0	0.699792988205529	0.726221061773266
TCGA.EB.A4IQ.01A	0.00643185149589159	0.0131471830872652	0.297814115757876	0	0.119633001421742	0.553830399692343	0.00914344854488239	0	0.930569416562454	0.588742466171213
TCGA.EB.A3Y6.01A	0.004182641034019	0	0.150531937087736	0.0470640776464858	0.0561482202781693	0.737464678482013	0.00460844547157722	0	0.743401066959348	0.676496245359108
TCGA.FR.A726.01A	0.00130806078467284	0.00911044519826421	0.156371021399348	0	0.112604985336406	0.72060548728131	0	0	0.979099987789246	0.425952875471756
TCGA.XV.AAZY.01A	0.103153316927635	0.00218375534012696	0.31287661776722	0.0555106658600936	0.0380646960247488	0.424213843352933	0.0639971047272424	0	0.731614419663061	0.759044112797551
TCGA.FS.A1ZS.06A	0	0.00605982646267259	0.131763622143876	0	0.0705078589186234	0.791668692474828	0	0	0.718090705918525	0.694139906978371
TCGA.ER.A2ND.06A	0.0197495574814882	0	0.125477468012531	0.049631866189584	0.064804131441846	0.724693698746145	0.0156432781284061	0	0.713701134260849	0.704362478692953
TCGA.DA.A1I5.06A	0.0827449173294437	0	0.0290612514616866	0	0.0476348265962194	0.83584728503731	0.00471171957534048	0	0.868097322265083	0.527550703312868
TCGA.BF.AAP6.01A	0.00520272851242137	0.00296558982021565	0.300340126870228	0	0.0915650632752039	0.59680415157324	0.00312233994869077	0	0.90038225918141	0.587392287681955
TCGA.EE.A180.06A	0	0.00276779283910855	0.123936351743939	0.0252316271292715	0.0511578681276011	0.79690636016008	0	0	0.753563790663385	0.65996228964133
TCGA.EB.A5VV.06A	0.79469473144216	0	0.140311037904076	0	0	0.0617835133974346	0.00321071725632997	0	0.759358490246276	0.748368158541004
TCGA.BF.AAOU.01A	0.0382908828005232	0.00369612412054077	0.056852863525832	0	0.0675112112024769	0.812968522622346	0.0206803957282813	0	0.79860578969687	0.61332545594027
TCGA.EB.A431.01A	0.0187412494081612	0	0.326116505809277	0.00478691521762417	0	0.635374470695031	0.0149808588699063	0	0.85355270495875	0.60967202148192
TCGA.EB.A24D.01A	0.135900592845132	0.00562849551989856	0.144735136321331	0.0361727599136432	0.0302482500524086	0.647314765347586	0	0	0.644916101535857	0.765774884132487
TCGA.RP.A690.06A	0.0204263675205458	0.00141181871490152	0.177200465435952	0.00642890854604491	0.0663313876289662	0.723787121910734	0.0044139302428554	0	0.704152917792193	0.711931613435174
TCGA.FR.A7U8.06A	0.0060199757016824	0.00280009995264843	0.161971507716904	0	0.0730111159634302	0.751269465150115	0.00492783551522038	0	0.799918875905309	0.620880069463077
TCGA.ER.A19A.06A	0	0	0.0710244143693671	0.00975890570928617	0.0357308658117753	0.86649062446507	0.0169951896445013	0	0.725023426408855	0.687999452838149
TCGA.DA.A1I0.06A	0.316221990023356	0	0.304322208239781	0	0.0876087608832985	0.290551611472781	0.00129542938078335	0	0.713822468669316	0.821887342658632
TCGA.EE.A2A2.06A	0.597378296628302	0.00301182611557742	0.0352125639639827	0.026645726649152	0.0161614913227757	0.32159009532021	0	0	0.841555228980846	0.713377691013815
TCGA.DA.A1HV.06A	0.108270567259853	0	0.0113527567870105	0.0422792298065605	0.0373259046603401	0.800771541486235	0	0	0.76808814567339	0.647200516358623
TCGA.ER.A19D.06A	0.0654942363964296	0	0.0224922666606301	0	0.0314848424300909	0.877113995747264	0.00341465876558497	0	0.736558800074255	0.676554857333868
TCGA.EE.A29S.06A	0	0.00122341401274067	0.158946643053997	0.0217816256412912	0.0348985896534866	0.783149727638484	0	0	0.748830321206425	0.666002081359874
TCGA.W3.AA1V.06B	0	0	0.224560936418851	0	0.0291206003276327	0.74411267941242	0.00220578384109595	0	0.745872751128671	0.673372611488023
TCGA.EE.A29N.06A	0.325547770495628	0	0.237535657269949	0.00165943085831136	0	0.435103122304768	0.000154019071343567	0	0.955091777479564	0.646038588276928
TCGA.D3.A51R.06A	0.00193201844312592	0.00453057372984889	0.392134678068112	0	0.110689978178055	0.490581832206639	0.000130919374218221	0	0.582167689864895	0.822154640834475
TCGA.YG.AA3P.06A	0.00259259666062056	0.00661536251655332	0.200498604675681	0.000862978233429891	0.0969263323800774	0.692504125533638	0	0	0.755382273561426	0.672951194347852
TCGA.D3.A2JG.06A	0.0275250301735379	0.0057583604708916	0.153098181110202	0.0318148267325568	0.0409683293991318	0.73500944944818	0.00582582266549992	0	0.848026198454338	0.577534664724452
TCGA.W3.A825.06A	0	0.000918774271771008	0.29220526384278	0.0493620502798938	0.0366122154398369	0.618779382273517	0.00212231389220079	0	0.771368093876317	0.67966271479876
TCGA.EE.A29V.06A	0.040205137272384	0.0136998311356942	0.14918027584522	0.00199249047178973	0.102683251912065	0.69015079636565	0.00208821699719738	0	0.877799193453171	0.562700023006664
TCGA.ER.A19S.06A	0.0694216466162685	0	0	0.471945065518089	0	0.458633287865643	0	0	0.705029403455593	0.771694487990665
TCGA.EE.A2GE.06A	0.0638789338838364	0	0	0.20920117645247	0.0288880496307608	0.698031840032933	0	0	0.724279626373437	0.699662766021069
TCGA.EE.A2GD.06A	0	0	0.11302250987781	0	0.0640415167949595	0.82293597332723	0	0	0.845632494924232	0.555601352831531
TCGA.BF.A3DJ.01A	0	0	0.0794747269885074	0	0.0821319679591323	0.829598859053008	0.00879444599935206	0	0.864461940360149	0.531084158045212
TCGA.Z2.AA3V.06A	0.222290102141875	0	0.209997162055066	0	0.0838788469327376	0.361662626911713	0.122171261958609	0	0.576648826278328	0.824925692161333
TCGA.DA.A1IB.06A	0.778446465016418	0	0.0939978570566207	0.000265176606063785	0	0.127290501320897	0	0	0.852464705347462	0.703220761318969
TCGA.D3.A2J7.06A	0.0997907397335827	0.00419308204523363	0.195003980064496	0.120366545637737	0.0788936546550017	0.501751997863949	0	0	0.749544877077936	0.734449932561343
TCGA.W3.A824.06A	0.00422573543307453	0	0.0335132624209173	0.211426350983157	0.0312938479161009	0.696730051351005	0.0228107518957446	0	0.739344921534059	0.687168144864905
TCGA.D3.A1Q8.06A	0.0708012920718523	0	0.0214743282693583	0	0.049063418721107	0.858660960937682	0	0	0.717149128399786	0.695833509320933
TCGA.EE.A2M8.06A	0.0780340634561589	0	0	0.328320458390435	0	0.593645478153407	0	0	0.703470210952251	0.73512124690295
TCGA.GN.A26C.01A	0.0575753851302429	0	0.0343726994799336	0.123823075744159	0.0349449668738246	0.74928387277184	0	0	0.783694104997432	0.638540691235758
TCGA.EE.A2MR.06A	0.38538713371114	0	0.19685735321547	0.0468523862197688	0	0.37090312685362	0	0	0.760840456466046	0.767591831566096
TCGA.D3.A3C7.06A	0.00349664593414608	0.00895030883886971	0.089408740380794	0.0554378063898232	0.0567043112801165	0.78600218717625	0	0	0.931449914106426	0.456018697595791
TCGA.EE.A29C.06A	0.0433939355915663	0	0.0946683156576418	0.0129105031715861	0.0706233747847852	0.778403870794421	0	0	0.732932504165623	0.681846593056219
TCGA.ER.A3ES.06A	0.0334502255655278	0.00610530565721519	0.28627275212361	0	0.0381263129606109	0.636045403693036	0	0	0.530102997851658	0.839784411240444
TCGA.ER.A19N.06A	0.047327926939331	0	0.00975934863728445	0.00480037644873123	0.0278068800258122	0.910305467948841	0	0	0.767617517285241	0.642515876205665
TCGA.FS.A1ZM.06A	0	0	0.02205084546748	0.0385729266292005	0.0382431385318146	0.893984251430381	0.00714883794112433	0	0.723648807704984	0.690153192833074
TCGA.Z2.A8RT.06A	0.225939035641749	0	0.0346288508321683	0.053093644977822	0.0240486560555034	0.638707747689549	0.0235820648032084	0	0.718287569671191	0.716814764399877
TCGA.FS.A1ZG.06A	0	0	0.129918415630418	0	0.050883324758304	0.80256579973296	0.0166324598783179	0	0.748975931082975	0.66489291941503
TCGA.ER.A42H.01A	0.000588191641333078	0.0086341252232319	0.111252536786209	0	0.112710404738201	0.764214930468752	0.0025998111422721	0	0.73360696175589	0.681395989170536
TCGA.D3.A51K.06A	0.495853701298439	0	0.109924661206097	0.0325399269837342	0.0692017485955015	0.273746515726234	0.018733446189994	0	0.716979992997688	0.800936427763138
TCGA.D3.A3C1.06A	0.144033921102815	0.0036044355577468	0.0905869202434639	0.0364446479107847	0.0991030370599288	0.625341147732057	0.000885890393204527	0	0.95220650751554	0.526591593940783
TCGA.WE.A8JZ.06A	0.0627218471828417	0.0110771570770889	0.247038004475984	0.0938457024320288	0.0737588795347443	0.511558409297313	0	0	0.797175354959544	0.70304125849371
TCGA.FS.A1YW.06A	0.122267233663283	0.00103715776010628	0.171098790395862	0.0105398405596819	0.0315751312983538	0.663481846322713	0	0	0.769434002565053	0.67077183735146
TCGA.EE.A3AF.06A	0	0	0.122398683366163	0.0359790165529013	0.01483347706597	0.822345470001509	0.00444335301345599	0	0.735555685422113	0.676959379228043
TCGA.DA.A95Z.06A	0	0.00100447364927837	0.0609757827068859	0.0134476355877343	0.041273292499338	0.874350084367779	0.00894873118898448	0	0.750915660312479	0.6602422898095
TCGA.GF.A4EO.06A	0.153626070186083	0.000531562531184871	0.0240242705382781	0.305475013393982	0.0389925442672229	0.472506844355474	0.00484369472777565	0	0.731492925800253	0.754682973885076
TCGA.EB.A4OZ.01A	0.029105675334913	0.0075590890180603	0.152015655431774	0.205357253847478	0.109012797615703	0.373996781711108	0.122952747040965	0	0.775589760485517	0.712492331271647
TCGA.D3.A51N.06A	0.109069304137552	0	0.0500755518812617	0	0.0953341060957949	0.730097714531303	0.0154233233540884	0	0.796937449412143	0.630698668098178
TCGA.EB.A5UN.06A	0.00655657484475678	0	0.348147751694844	0.0118415541584855	0	0.58937621705669	0.044077902245224	0	0.74609445370156	0.704144417427477
TCGA.EB.A551.01A	0.0212971135985638	0.000333384002717093	0.0371570884377773	0.121997292597273	0.0323624944774105	0.777286426776072	0.00956620011018626	0	0.724218819761747	0.690640074748575
TCGA.EE.A2GL.06A	0.763031156103182	0.00070286299011202	0.0901281029680536	0.051503705218149	0.00513825674936914	0.0894959159711348	0	0	0.837000600197989	0.71838893225654
TCGA.GN.A4U7.06A	0.0326236011118996	0.0119361900670395	0.354874476486419	0	0.0986879228797904	0.48653095109415	0.0153468583607018	0	0.89998115280399	0.652589101341946
TCGA.EE.A2MF.06A	0.0361020093434986	0	0.152205904126475	0.0191141853169096	0.00561473931343313	0.783015931012965	0.00394723088671919	0	0.710876391645057	0.702596295133984
TCGA.FR.A3R1.01A	0.0140109581914914	0.00031085948583332	0.0877958942595788	0.0107563107408994	0.0291045749434384	0.843104159212001	0.0149172431667581	0	0.822841055218433	0.581526179218772
TCGA.WE.A8ZY.06A	0.0369390636451788	0	0.0811249200169668	0	0.028311078955922	0.845493314720075	0.00813162266185698	0	0.969370158837019	0.368119427015541
TCGA.XV.AAZW.01A	0	0.015174274434384	0.255924442391937	0	0.148822094869496	0.577110838636915	0.00296834966726838	0	0.831768979428301	0.649242516548888
TCGA.EB.A4XL.01A	0.0470183417224317	0.00618439553846721	0.238144826338222	0.0754166597609969	0.0633143537096202	0.550507416148953	0.0194140067813095	0	0.792634806186383	0.689223412407428
TCGA.W3.AA1O.06A	0	0.00393178363771507	0.128292339121022	0	0.0394708466409994	0.828305030600264	0	0	0.826703361671906	0.577539647089207
TCGA.GN.A4U5.01A	0	0.00565728564541179	0.133287246195135	0.273755764726958	0.0609304509980043	0.508956088899234	0.0174131635352575	0	0.765254573041014	0.720577098221988
TCGA.EE.A2A5.06A	0.0331291004097922	0.000663051709492033	0.129497533754874	0.0126802417464564	0.0643680814903096	0.758071244180635	0.00159074670844067	0	0.676540690877885	0.732933451757191
TCGA.FR.A2OS.01A	0.00660991866098471	0.0025960548284388	0.197786273696646	0	0.0188310430473123	0.773764801207987	0.000411908558632102	0	0.975457335422545	0.398247417007019
TCGA.EB.A6QY.01A	0	0.0130272826799333	0.294245455770984	0.00872466011600916	0.100610427776145	0.583392173656928	0	0	0.895729480680798	0.598101170935368
TCGA.D9.A4Z5.01A	0	0	0.0593164017336672	0	0.100088711474705	0.828059658189661	0.0125352286019664	0	0.686335450962258	0.724070746050991
TCGA.W3.A828.06A	0	0	0.112145225957994	0.00420087965452132	0.0374619394852083	0.837451545753412	0.00874040914886405	0	0.84701504603225	0.55217587602596
TCGA.LH.A9QB.06A	0	0.00309685147250705	0.116400852530497	0	0.0409324826417153	0.82121273600314	0.0183570773521412	0	0.781232656471069	0.630411566939551
TCGA.EB.A5VU.01A	0	0.00137354461792029	0.123362699923469	0	0.0737609710348805	0.80028482161699	0.00121796280673992	0	0.767742664897523	0.645236861299806
TCGA.GN.A268.06A	0	0.000976649671802348	0.170634752855933	0.000606426994204746	0.055900218689918	0.765698702122915	0.00618324966522712	0	0.751415188933439	0.665474037149391
TCGA.ER.A199.06A	0.612689085215652	0	3.89794924697934e-05	0.00166161490765664	0.0268128575602764	0.358797462823945	0	0	0.731455239820864	0.754937181959797
TCGA.EE.A3AC.06A	0	0.00143674732351029	0.0546159250582372	0.0344296248296432	0.0370014191282171	0.872516283660392	0	0	0.788443746851636	0.617739682196716
TCGA.RP.A6K9.06A	0.019964913848433	0.00684242182032405	0.111417628335426	0.161840023262898	0.0939841048727714	0.605950907860147	0	0	0.54781455134669	0.829216036600835
TCGA.D3.A8GQ.06A	0.0154179178709359	0.00575175832724913	0.0583501437562929	0	0.0335770167623985	0.886903163283124	0	0	0.976931269527089	0.327308011825186
TCGA.W3.AA21.06A	0.222356072600903	0.00677006139129582	0.286329193134797	0.0604243769128295	0.0796552517050524	0.311917570870933	0.0325474733841891	0	0.710969510931359	0.817628233882777
TCGA.BF.A1PU.01A	0.0426763094891225	0.00306724891387855	0.352948264830061	0	0.118072772843328	0.469550871869081	0.0136845320545288	0	0.7499622360835	0.744745114631167
TCGA.ER.A196.01A	0.0392036225262966	0.0297331188463085	0.391479082524179	0	0.132416078190916	0.393531710816803	0.0136363870954972	0	0.793077677587843	0.7578274244418
TCGA.W3.AA1R.06A	0.0413056082750899	0.00186183611475359	0.14018352319239	0.106100751238005	0.0416260439251983	0.66744400539106	0.00147823186350325	0	0.824370388905816	0.622584227433719
TCGA.FS.A1ZN.01A	0.017379507597534	0.0126370677377421	0.149375523623991	0.00673252377559297	0.105996639843297	0.705445694199485	0.002433043222358	0	0.963920179654165	0.457587546074071
TCGA.GN.A4U8.06A	0.319826987055867	0	0.0715281836479127	0.0519953609234277	0.0200184543428976	0.536631014029895	0	0	0.737001792481245	0.726730442831886
TCGA.EE.A2GU.06A	0.00880579333006397	0	0	0.342010004357347	0.011056731239636	0.582102137289606	0.0560253337833468	0	0.747586438030535	0.703625449458154
TCGA.BF.AAP1.01A	0	0.00396552381157003	0.131633590448981	0	0.0506067399714796	0.805414934766135	0.00837921100183395	0	0.778291207053837	0.634500272106987
TCGA.DA.A1I2.06A	0.0361601626731842	0.00522203460607133	0.132809027148753	0.0204742952842005	0.0807909701643999	0.717115817483848	0.00742769263954317	0	0.736300285284075	0.685973456418409
TCGA.FR.A8YE.06A	0.392314565967741	0	0.30060400593383	0.043723498693698	0.00936652499627937	0.253991404408452	0	0	0.825747547275811	0.789966642620425
TCGA.FS.A1ZB.06A	0	0	0.0647138866926454	0	0.0638346290745131	0.860657027148842	0.0107944570839991	0	0.729727764971701	0.682395324134291
TCGA.BF.A5ES.01A	0.00680543438739029	0	0.242234164514358	0	0.0371295333751804	0.705709352141624	0.00812151558144773	0	0.776065670037636	0.653520529042536
TCGA.GN.A4U3.06A	0.02413257762414	0.00516074301245704	0.224555329391393	0.023858617586426	0.0756295440578349	0.646663188327749	0	0	0.711998951027552	0.716686854686421
TCGA.EB.A44R.06A	0.0756078132836032	0	0	0.331047925296032	0.0652564849753754	0.52732635403048	0.000761422414508717	0	0.621121559867208	0.796817857276845
TCGA.WE.A8ZQ.06A	0	0.0133475088990663	0.147388853193747	0	0.1112762078248	0.727987430082386	0	0	0.739987699163117	0.679797461140125
TCGA.W3.AA1W.06A	0.066313530615279	0	0.013838844290753	0.39191309983686	0	0.518037016723135	0.00989750853397271	0	0.74656725607352	0.730122191855839
TCGA.GN.A8LK.06A	0.0733506113324382	0.0122493408693382	0.292125023560123	0.00254040253976087	0.0892512544886074	0.500428738773007	0.0300546284367252	0	0.853162418675657	0.672134832037668
TCGA.ER.A19T.01A	0.00444900951463947	0	0.154916095412772	0	0.0541717139973453	0.780010509288057	0.00645267178718705	0	0.642353940952463	0.761624520682309
TCGA.EE.A29R.06A	0.0222975447148762	0.00817155263076337	0.289570933561415	0	0.100918370475753	0.579041598617193	0	0	0.823710074280001	0.655383234169102
TCGA.EE.A3JD.06A	0.763735204085023	0	0	0	0.00868811131494578	0.227576684600031	0	0	0.750758941941972	0.746036961253632
TCGA.D3.A2JO.06A	0.0712853016732938	0	0.0350804212652104	0.203612930355293	0.0333058497089594	0.605318320515779	0.0513971764814642	0	0.696979485737109	0.735476496617166
TCGA.ER.A19F.06A	0	0	0.0613679105973796	0.0135133692547568	0.0289900310371109	0.896128689110753	0	0	0.802486953331403	0.600096828344253
TCGA.D3.A2JK.06A	0.0905500547044362	0.0145545504367702	0.12832199707535	0	0.253983764396926	0.50218983407132	0.0103997993151968	0	0.727341028384443	0.744635665079624
TCGA.D3.A3C8.06A	0.0239432665277697	0	0.00741715254512951	0.458645535382818	0	0.503903035257795	0.00609101028648718	0	0.691971861252879	0.763678594247344
TCGA.EE.A2ML.06A	0.0610504669014395	0	0.0421208196746174	0.080910605159598	0.0367548911113193	0.776617026395061	0.00254619075796466	0	0.735983335404926	0.680022780079625
TCGA.ER.A2NH.06A	0.00926146057524542	0	0	0.328421241744489	0	0.656590888599785	0.00572640908047985	0	0.716603696194815	0.712153602285993
TCGA.OD.A75X.06A	0.0262748088918968	0.00156741233408286	0.191853604402942	0.0162740715301907	0.0886111860417392	0.64333571791702	0.0320831988821277	0	0.825365466046288	0.628708563504906
TCGA.EE.A2M5.06A	0.0176556538517897	0.00517561886440267	0.126891662826057	0.0488484445906917	0.0426674942030914	0.758761125663967	0	0	0.8918237499302	0.519822410028279
TCGA.BF.A3DM.01A	0	0.02473246745415	0.100016853254494	0	0.238755388437629	0.634632326366638	0.0018629644870882	0	0.608428765524271	0.78883236832707
TCGA.EE.A3JA.06A	0	0.0076767115274679	0.0734441498626743	0.155989075771884	0.0195744993312984	0.743315563506675	0	0	0.717929939665237	0.698311042099072
TCGA.EE.A3AA.06A	0.705948076075388	0	0.0708550359525928	0.00468011451705709	0.00795862557603629	0.210558147878925	0	0	0.876851962014993	0.700181521977091
TCGA.D3.A8GN.06A	0.27663590729179	0	0.0942607119042922	0.157007703253343	0	0.468194974452547	0.00390070309802819	0	0.890575826506715	0.667742375311241
TCGA.DA.A1HY.06A	0	0.0112638066471241	0.104810878122462	0	0.0955450173481369	0.788380297882277	0	0	0.967086707106241	0.399594217134038
TCGA.FS.A1ZF.06A	0	0.00895117303401093	0.172952633732095	0.0313056094487164	0.124827950174567	0.659704420221593	0.00225821338901743	0	0.776597268945029	0.662935929973924
TCGA.D3.A8GM.06A	0.199868110501455	0	0.1235669594833	0.0599538111317262	0	0.600012367750472	0.0165987511330477	0	0.631181043693401	0.781350677621917
TCGA.GF.A769.01A	0	0.0124292161875194	0.128493170719481	0	0.138590554218281	0.720487058874719	0	0	0.813384833028771	0.613646288215099
TCGA.EE.A2A0.06A	0.234988461815354	0.0116722080187071	0	0.0760593464347456	0	0.677279983731194	0	0	0.446340557445988	0.896202016515893
TCGA.EB.A299.01A	0.00829119130388843	0.022211886624403	0.0596972144495281	0.0412970641429378	0.162422813192414	0.69728789408536	0.00879193620146921	0	0.882356824183645	0.553389884746176
TCGA.D3.A3CC.06A	0	0	0.0458462681477231	0	0.0537354289218378	0.900418302930439	0	0	0.732526159609746	0.680440749164491
TCGA.EB.A57M.01A	0.0290013344404489	0.011816586935059	0.236947948529661	0	0.121782228600284	0.600451901494547	0	0	0.845478781380735	0.629726449158067
TCGA.EE.A2A6.06A	0.407183249251056	0	0	0.204918853597641	0.0157061074485764	0.308877313586495	0.0633144761162322	0	0.834434835104602	0.741524058211769
TCGA.EB.A3HV.01A	0	0.0121829244783002	0.12922285805531	0	0.188403000993352	0.659626305889377	0.0105649105836603	0	0.74202813561739	0.690086339928126
TCGA.D9.A6EC.06A	0.00804778711166376	0	0.131822651159999	0	0.09789913013762	0.762230431590718	0	0	0.705666747393596	0.706912586321684
TCGA.D9.A6EA.06A	0	0.00206065712495968	0.226388732048181	0.00114706673743947	0.0720173978931697	0.683267802924761	0.0151183432714891	0	0.781525825976048	0.653629186420134
TCGA.FS.A1YX.06A	0	0.00194629425154964	0.0902794850384947	0.00995489626936002	0.0659334641397107	0.829626825523188	0.00225903477769696	0	0.913284372321557	0.464062530574323
TCGA.EE.A2GS.06A	0.0127023926692684	0.00540984030958244	0.177768154316305	0.0829559360874312	0.0695200479471767	0.64446507555109	0.00717855311914666	0	0.711988957020757	0.717296328995933
TCGA.D3.A2JF.06A	0.281616032581017	0.000845053662163558	0.102535044827198	0.0837217146507778	0.0263521183719836	0.483415807146638	0.0215142287602222	0	0.719049496361148	0.754807194899225
TCGA.FS.A1ZK.06A	0.0107538314724869	0	0.173745360856155	0	0.0589680866925078	0.738009541537492	0.0185231794413585	0	0.732522126501189	0.686581889355773
TCGA.DA.A960.01A	0.066886214146715	0.00784636906645787	0.255219546861612	0	0.0690923320613382	0.579251492762048	0.0217040451018294	0	0.947066392601273	0.561200123717513
TCGA.FS.A1ZE.06A	0	0.00431344399018814	0.109936278375367	0	0.0341579717105249	0.85159230592392	0	0	0.792515250546935	0.614315770068942
TCGA.WE.AAA0.06A	0.545786591189813	0	0.21152049269878	0	0	0.238976875461619	0.00371604064978847	0	0.858632026014646	0.747521370108947
TCGA.FR.A8YD.06A	0.0304388475577535	0.0147282393108918	0.255403918233681	0	0.138855513982223	0.550887875079855	0.00968560583559521	0	0.751322294237505	0.714455360066436
TCGA.BF.AAP2.01A	0.014469293285068	0	0.162366422718813	0.0285372752012129	0.0524572717784588	0.711835300509714	0.0303344365067328	0	0.742191920162352	0.682160572621986
TCGA.EE.A29A.06A	0	0.00543933075810592	0.196497370432057	0.00375065247494974	0.0921867944035349	0.69946019136307	0.00266566056828182	0	0.866005216104477	0.569795921833828
TCGA.ER.A19K.01A	0	0.00549784818203494	0.182218341374737	0.0510321368999911	0.0540876579203442	0.692533584947016	0.0146304306758773	0	0.801894168124152	0.633738427907813
TCGA.EE.A29L.06A	0.21026987931821	0.0104932909376353	0.353632246508509	0	0.0560665357023832	0.369538047533263	0	0	0.668011872812515	0.81677323613288
TCGA.D3.A1Q7.06A	0.0517235478494104	0	0.0117802109636391	0.282221768180037	0.022271705277335	0.632002767729579	0	0	0.76257648416635	0.683658677537671
TCGA.EE.A3AD.06A	0.014850535659911	0.00627498592457091	0.243262958490065	0	0.118609521557923	0.609987445284355	0.00701455308317505	0	0.887635502305901	0.591031871335694
TCGA.EE.A3JH.06A	0.293275216799455	0	0	0.261154193512073	0.0339906363936954	0.411579953294777	0	0	0.707954232144288	0.782600736222905
TCGA.EB.A3XB.01A	0.0102975725148795	0.000357177200008534	0.115437323867164	0.0157994120756839	0.0416731742745028	0.806590058907259	0.00984528116050238	0	0.83263225523735	0.575651905487763
TCGA.D3.A2JE.06A	0.243802839067125	0.00882424930929598	0.24378263351294	0	0.102296120372274	0.395343541963759	0.00595061577460602	0	0.648503788383134	0.814611932245405
TCGA.EE.A29D.06A	0.0194202401328956	0	0.178463552469809	0	0.0772709883434727	0.716677607665207	0.00816761138861538	0	0.711107818269041	0.706970613951031
TCGA.EB.A5UM.01A	0.223057287056005	0.00599609132343417	0.223984461578573	0.138110675955204	0.0444415541345109	0.324005956878637	0.0404039730736358	0	0.798488973054978	0.779514006687067
TCGA.D9.A1JW.06A	0.182557244109909	0	0.0237449579675505	0.0205569615278905	0.0345083429552703	0.728615267309999	0.0100172261293808	0	0.725611144962691	0.696160543638034
TCGA.D3.A1Q5.06A	0.037764067786034	0.0130746808627333	0.32168299581269	0	0.11113297303589	0.464686172633816	0.0516591098688365	0	0.53952459867941	0.843778196350418
TCGA.BF.A5EO.01A	0.0263793756846716	0.015420304028259	0.091000160266665	0.039366609068414	0.141224518091204	0.668653600646664	0.0179554322141218	0	0.933711819139426	0.515545935474461
TCGA.D3.A3CF.06A	0.589620084085163	0	0	0	0.0148520377398738	0.395527878174963	0	0	0.839498321854039	0.689050941781773
TCGA.D3.A5GU.06A	0.00366567501294142	0.0014224212354838	0.136665927149859	0.0963242937711115	0.0506054295607223	0.711316253269882	0	0	0.743565843946493	0.680184873189228
TCGA.XV.AB01.06A	0.14538277811375	0	0.123468204023749	0	0.0857686105371575	0.625803526288016	0.0195768810373269	0	0.711871401235541	0.722755218065795
TCGA.ER.A19B.06A	0	0.0237319726095801	0.136068023134557	0.114355624711166	0.260822818974418	0.422794814297133	0.0422267462731454	0	0.306721470250074	0.942978000406945
TCGA.D3.A5GO.06A	0	0	0.174334889768304	0	0.0678667212823477	0.748563566264402	0.00923482268494671	0	0.921133691968098	0.487880859974772
TCGA.GN.A8LN.01A	0.0151521140785642	0.0163851347617723	0.132616813509308	0	0.158101784868185	0.675089819778809	0.0026543330033614	0	0.811727052175049	0.628607347289738
TCGA.YG.AA3O.06A	0	0.00196853079359067	0.0828564893846949	0.0747565142541016	0.0308880490433028	0.80953041652431	0	0	0.790284361448925	0.621255002912916
TCGA.EE.A2MM.06A	0.0223133901135665	0	0.0931587340692971	0.0206240343319631	0.0390650282812669	0.824838813203907	0	0	0.728683641839752	0.68356634375692
TCGA.QB.A6FS.06A	0.453329510909289	0	0.0216191942218544	0	0.05041719853906	0.470749254828376	0.00388484150142074	0	0.707099197587825	0.755094465792521
TCGA.YD.A9TA.06A	0.126822942543413	0.00330682742358838	0.0112288411614621	0	0.0536019795728019	0.798646879258282	0.00639253004045247	0	0.775279262738637	0.640582767979219
TCGA.D3.A51F.06A	0.0224685776850115	0	0	0.36863444477699	0	0.608896977537999	0	0	0.740148367438661	0.705580189709185
TCGA.EB.A4OY.01A	0.268374327248998	0	0.181573395337226	0.115732958434038	0.0956469989138696	0.320646542589666	0.0180257774762025	0	0.686008253150907	0.823693469551287
TCGA.ER.A2NC.06A	0.0111545968865255	0	0.0548066658792791	0.0260360332974699	0.0651544124126308	0.836680872500634	0.00616741902346041	0	0.759326453803932	0.651854624807182
TCGA.FS.A1ZQ.06A	0.0782802424265554	0.008221917275729	0.109665806961617	0	0.108556356120562	0.695275677215536	0	0	0.730175143113734	0.694403696966766
TCGA.ER.A42K.06A	0.0391649178270692	0.0152476318489389	0.146953418631782	0.00275625000966932	0.087687791183981	0.705156517274405	0.00303347322415455	0	0.936874554712064	0.4918786589341
TCGA.WE.A8K4.01A	0.00117758252238896	0	0.064895890540295	0.403942615619381	0.0197976638691344	0.5101862474488	0	0	0.71467717786541	0.749058729269348
TCGA.ER.A42L.06A	0.0342972748229167	0	0	0.193214956971274	0.0403518470771465	0.725732736520705	0.0064031846079578	0	0.739812986490982	0.682243075349627
TCGA.EE.A2A1.06A	0.515065811779647	0	0	0	0.0183775555357967	0.465476580955001	0.00108005172955486	0	0.767547805906659	0.71726582979107
TCGA.EE.A29T.06A	0.0474684093329871	0.0114071319049179	0.0243219863061133	0.0412684338114038	0.0931930280650175	0.78234101057956	0	0	0.624158359879629	0.776766876407776
TCGA.EE.A2GI.06A	0.22358103822813	0	0.0432973463649342	0.242943545933143	0.0333358519822127	0.446226832527662	0.0106153849639175	0	0.748035980460459	0.755183169141649
TCGA.ER.A1A1.06A	0.955639853259433	0	0	0	0.0122037965356122	0.0321563502049547	0	0	0.822010706644063	0.671796125811083
TCGA.D3.A8GS.06A	0.160637888274699	0.0245868334349585	0.0647867434349169	0.1173386478802	0.237336768456787	0.370373750080617	0.0249393684378213	0	0.203233547000511	0.974181520388908
TCGA.ER.A198.06A	0.0115916554751842	0	0.117434235313752	0.00965271631256711	0.0384395843525886	0.822858739976594	2.30685693143273e-05	0	0.709463731458084	0.702120096525296
TCGA.DA.A3F5.06A	0	0.0569693512340192	0.322172569585415	0	0.210664401159196	0.41019367802137	0	0	0.716434945801699	0.782840407374725
TCGA.FS.A1ZH.06A	0.177432757158808	0.00299377645580914	0.127894593126097	0.0150559653670522	0.0234561273347014	0.644820282432793	0.00834649812473951	0	0.750149162160007	0.691289025827098
TCGA.3N.A9WB.06A	0	0.0093194860452456	0.270828046450934	0	0.0878967224895048	0.619266915637449	0.0126888293768662	0	0.875607412599732	0.596340785556312
TCGA.D3.A5GR.06A	0.566002560765876	0.00492318790494877	0.149648394863318	0.0271195356989131	0.0100020669961366	0.241848333632294	0.000455920138513602	0	0.791528462044225	0.76802259060242
TCGA.XV.A9W5.01A	0.00200138525352351	0.00512166799036348	0.170863137132342	0.0443239528647499	0.0920436877389966	0.654627429640929	0.0310187393790953	0	0.82219177040525	0.626781567911434
TCGA.YD.A89C.06A	0.00226137795959882	0.0111415139364619	0.221290179740098	0.00637315806817721	0.129122088293707	0.623012534461493	0.00679914754046383	0	0.857714683898572	0.609208150409751
TCGA.D3.A8GV.06A	0.0353378580943816	0.00535500883262014	0.153470075528634	0.00317408612384412	0.157269840689675	0.633391748764163	0.0120013819666823	0	0.711835040751125	0.719172494875269
TCGA.D3.A2JP.06A	0.0518845041579859	0	0.129494696521982	0.0854459798272715	0.10439916619527	0.623318720853772	0.00545693244371891	0	0.675990128018121	0.746686616411989
TCGA.EE.A2MD.06A	0.276571776329779	1.85317026326206e-05	0.157980825603174	0.0621625697201766	0.0494934429086886	0.453772853735549	0	0	0.794074987541004	0.726315491913937
TCGA.D3.A2J8.06A	0.134215630074359	0.0019863655735385	0	0.194474507543044	0.0103648496694447	0.600038873789507	0.0589197733501068	0	0.832564271497544	0.638692995430266
TCGA.EB.A550.01A	0.0182057725785223	0.0127184871652422	0.25675375188971	0.00762345696793285	0.138455268990637	0.563869770265901	0.00237349214205485	0	0.805619973265776	0.673897122105894
TCGA.D9.A4Z6.06A	0	0.00835990219531265	0.219562898323763	0.0292216542105167	0.113412729801807	0.594343890373182	0.0350989250954187	0	0.743289005679238	0.704941401685783
TCGA.HR.A2OG.06A	0.0394166496436861	0.0118278072540447	0.0960232143244959	0.0147224589018742	0.0591622187458564	0.776976259878716	0.00187139125132705	0	0.759792731465592	0.656539151542284
TCGA.GF.A2C7.01A	0	0.0115577896515451	0.273017776170269	0	0.101319480107975	0.608943569857247	0.00516138421296392	0	0.84579074087393	0.625320305758457
TCGA.D3.A2JD.06A	0.810095462474533	0	0.0580017581999694	0.0351430022325986	0.0288116355611639	0.0630181196903735	0.00493002184136137	0	0.840436776597954	0.702917637258793
TCGA.D9.A4Z2.01A	0.00852587570127616	0.0097744138786676	0.18953495651861	0.00617831764205285	0.117880187905869	0.660915677203039	0.00719057115048554	0	0.754020169170704	0.681147344176383
TCGA.DA.A95X.06A	0	0.00133317633369753	0.113636374406541	0.0419663101036794	0.0424895614904604	0.800574577665621	0	0	0.713250413441042	0.698678824154748
TCGA.FS.A4F4.06A	0	0.00484838313804665	0.223677283111376	0	0.115438528552989	0.65249679831954	0.00353900687804811	0	0.730868339487155	0.700723579882151
TCGA.WE.A8ZM.06A	0	0.0111594464265416	0.141297890927023	0.109148155511284	0.109075489454952	0.626705874573805	0.00261314310639339	0	0.682173059327481	0.74096349918789
TCGA.D3.A3BZ.06A	0.425842090049161	0	0.158632371595106	0.0934006099880505	0.00493006435744677	0.311481578125281	0.00571328588495405	0	0.748990071108941	0.78936783022292
TCGA.EE.A3JB.06A	0.00120582443051104	0	0.154345937132082	0	0.00125150054866614	0.843196737888741	0	0	0.79831762865832	0.608962144059884
TCGA.GN.A262.06A	0	0.0252399648979017	0.589654997549427	0	0.0762514534483069	0.298411961769243	0.0104416223351209	0	0.266168670577746	0.953539060944463
TCGA.FR.A69P.06A	0.0177716406004536	0.00273341737211402	0.18253130754282	0.0209400057707429	0.0759704307947136	0.665393087568263	0.0346601103508932	0	0.757959343624127	0.677519521460494
TCGA.WE.A8ZR.06A	0.466226999885399	0	0.0974446865167335	0.0362609647906833	0.0336778218215253	0.366389526985659	0	0	0.831965901933034	0.725619835331678
TCGA.EB.A5SF.01A	0.00202525269842503	0.0148291436171066	0.28339162452759	0	0.18553424456627	0.506754046047411	0.00746568854319737	0	0.830898823570606	0.682185002538818
TCGA.D3.A1Q9.06A	0.0512928123849944	0	0.0850887512462851	0.0277545203325043	0.0567266621766962	0.775875135674891	0.00326211818462913	0	0.780918077005372	0.636472626664109
TCGA.FW.A3I3.06A	0.029275300900298	0.0119384422706008	0.238984332771845	0.0386467728938499	0.163193366698124	0.5110273742872	0.00693441017808239	0	0.482412055041878	0.868176983512999
TCGA.D3.A2JB.06A	0.868766688817675	0	0.0895678453014647	0	0	0.0356914174081653	0.00597404847269439	0	0.880917297096456	0.6610961263929
TCGA.EE.A2M6.06A	0	0.00147713067003993	0.12070079204644	0	0.0813526612677426	0.796469416015777	0	0	0.806277233127381	0.605245012425564
TCGA.BF.AAP7.01A	0.00216698429919713	0	0.0448015230844776	0.180991248025365	0.0387880867119326	0.62561446539729	0.107637692481737	0	0.770836626737976	0.664577962752294
TCGA.D3.A3MR.06A	0.19711824004297	0	0	0.349654516745311	0.0283289524429742	0.420869101295567	0.00402918947317732	0	0.718881144160454	0.778485851621119
TCGA.EE.A2GT.06A	0.751598223876024	0	0.112091665702426	0.0509290039387537	0.031574248918245	0.0538068575645515	0	0	0.843113179396783	0.719571521454463
TCGA.EE.A2GP.06A	0.00130418567323482	0	0.137929778743824	0	0.031148631190935	0.829562620120437	5.47842715690895e-05	0	0.683582888169185	0.726659705823154
TCGA.D9.A1X3.06A	0.0102956425828097	0.00999466525407672	0.217881771669805	0	0.116138789720706	0.644932423825457	0.000756706947145375	0	0.650656651664643	0.760141824161792
TCGA.WE.A8K1.06A	0.165364517007129	0	0.0225920759477085	0.194339101588236	0.0193947819814575	0.596077554779447	0.00223196869602166	0	0.745481730350607	0.707112549372483
TCGA.ER.A193.06A	0	0	0.0203987205965493	0.02516738140474	0.0360730836451955	0.903924081185064	0.0144367331684508	0	0.776918044776385	0.631548151557311
TCGA.D3.A2JH.06A	0.0178005474829268	0	0.0408543842811883	0.375179008363108	0	0.542518459945858	0.0236475999269186	0	0.558465845659098	0.827916296622465
TCGA.EE.A2GN.06A	0.0303016469654817	0.00661586254845368	0.162848784895153	0.00294247532404238	0.139313244809385	0.651258717890959	0.00671926756652541	0	0.690638166673771	0.731259498592811
TCGA.EE.A2GO.06A	0	0.0036250792986038	0.111763054496968	0	0.0860524092054961	0.788293167443389	0.0102662895555427	0	0.592781772168727	0.80271018558151
TCGA.D3.A51E.06A	0.0100504206335196	0	0.0141126119803816	0	0.0334411971827322	0.942395770203367	0	0	0.734894975768285	0.681483517668267
TCGA.EB.A44P.01A	0.013117298398747	0.00824129846089667	0.243042090304868	0.0439589054964542	0.105490396238777	0.565878262628987	0.0202717484712704	0	0.95443358872877	0.561697529758182
TCGA.GN.A263.01A	0	0.00834221174037454	0.0294029130669901	0	0	0.962254875192635	0	0	0.67985435693431	0.744667308750719
TCGA.HR.A5NC.01A	0	0.0101196073080616	0.162357685999596	0	0.110011549216403	0.708494773272353	0.00901638420358657	0	0.759103423498573	0.666793142521688
TCGA.FR.A7U9.06A	0.00135975903894425	0.000328535706891578	0.172747569078934	0	0.0261962174934764	0.794022847113978	0.00534507156777507	0	0.740103458667664	0.673880508044707
TCGA.XV.A9VZ.01A	0	0.0080115521821446	0.372739732489829	0	0.126150138062767	0.487283155720068	0.00581542154519193	0	0.536469018228142	0.844413086616999
TCGA.EE.A2MN.06A	0.091359680293917	0	0.0785714466997295	0.0453853500403497	0.0530067838459643	0.727486108909883	0.00419063021015675	0	0.724852903225899	0.695373748535445
TCGA.BF.A1PX.01A	0.0720000365090177	0	0	0.375593796148129	0.0311490567560917	0.456836489090077	0.064420621496685	0	0.735777681892151	0.746129044595693
TCGA.WE.AA9Y.06A	0.229019556793434	0	0.110004117057952	0.0132901498354091	0.0381607795980636	0.609525396715141	0	0	0.744495527964633	0.703299374735572
TCGA.D3.A3CE.06A	0.108567198254864	0	0.0417290073020181	0.179320187681635	0.0242280199560694	0.646155586805414	0	0	0.698292999540167	0.728488713746249
TCGA.D9.A6EG.06A	0	0.00319315315311654	0.286992660386831	0	0.0659702439523328	0.64384394250772	0	0	0.747470553839574	0.690345137450569
TCGA.WE.AAA4.06A	0.041822397163712	0	0	0.335587170850475	0.0660402122927444	0.470683750451142	0.0858664692419272	0	0.792427164828292	0.69909132704963
TCGA.EB.A85I.01A	0	0	0.0830154902099862	0.453103135983431	0.0286608181512902	0.42982959729873	0.00539095835656257	0	0.884164066120776	0.694778353560163
TCGA.BF.AAOX.01A	0.0783539926417356	0.00794943817794907	0.250399812999213	0.0295502500837838	0.0633212645994395	0.551157992365084	0.0192672491327946	0	0.945671770853413	0.581963827024283
TCGA.ER.A2NF.06A	0.237134351665172	0.000851689207335718	0.12812457996217	0.108415236778952	0.0465246180338456	0.472486439135639	0.00646308521688606	0	0.691232241746226	0.773627391838098
TCGA.FS.A1ZU.06A	0	0	0.0207136896397222	0	0.111348458328053	0.867937852032225	0	0	0.727349214727385	0.684066902586839
TCGA.EE.A20H.06A	0.000297380569294495	0.00881992094046235	0.283765957511961	0	0.105845301014155	0.599773699472697	0.00149774049143084	0	0.645444279215467	0.769416742199895
TCGA.FR.A3YO.06A	0.00557129240986588	0.0115600089869834	0.0603457285226601	0.00598765858750354	0.141565182372978	0.773014097320906	0.00195603179910346	0	0.938331591854586	0.450734420222198
TCGA.FR.A729.06A	0.240020380693768	0	0.061238982321213	0.250879670797785	0.019722808476852	0.41760994842801	0.010528209282371	0	0.754046459618342	0.763203820451116
TCGA.ER.A19P.06A	0.352323165186047	0	0.0502195748406025	0.235930177660213	0	0.361527082313137	0	0	0.728208520559918	0.787889215564666
TCGA.EB.A24C.01A	0.0194449664755307	0.0102021804588074	0.17858526633446	0	0.0891654402667616	0.700859396571315	0.00174274989312523	0	0.800790912618091	0.631897104737117
TCGA.D3.A8GE.06A	0.000168216978491428	0.00719001181051934	0.188877065011089	0.0325147034239774	0.0799635739092603	0.691286428866662	0	0	0.754018650093694	0.674521710428608
TCGA.FS.A4F5.06A	0	0.00198920607556601	0.198952638199908	0	0.0657283312919291	0.717094862168696	0.016234962263901	0	0.698519712875332	0.717279997964774
TCGA.EE.A2GM.06B	0	0.00893318124816772	0.111827509787002	0.0725712382186061	0.096967090620237	0.703250811459889	0.00645016866609903	0	0.744872249185952	0.680112448778293
TCGA.FW.A5DX.01A	0.0536259553024132	0.0167069725481215	0.191720960273877	0	0.168928301470774	0.54132571241253	0.0276920979922842	0	0.331572304158287	0.941088281574065
TCGA.WE.A8ZO.06A	0.0071118782422002	0	0.067131108864859	0.082132932634193	0.0501600825377129	0.793463997721035	0	0	0.711877482822106	0.700283812067524
TCGA.FS.A4FC.06A	0	0.00149845024348523	0.0677914327847746	0.0374603673971191	0.0434428634988965	0.84253417272893	0.00727271334679493	0	0.729692913603972	0.682336580052922
TCGA.EE.A20F.06A	0.0416462169591948	0	0.0953731258798548	0.0284504644003578	0.0638123925157253	0.761924785360717	0.00879301488415039	0	0.740251841514366	0.677141236568513
TCGA.FS.A1ZJ.06A	0.0190081511637764	0	0.138693142748136	0.0837674475546751	0.0517939602182104	0.705031671239773	0.00170562707542906	0	0.587769375191842	0.802279846518479
TCGA.EE.A182.06A	0.0141534296929424	0	0.261961163498781	0.0235071984715595	0.196455317879718	0.503922890456998	0	0	0.694960097455613	0.761294133904218
TCGA.ER.A19T.06A	0	0.00198665473460766	0.114693964464819	0.0110743287824429	0.0513046520917787	0.820940399926352	0	0	0.730929433498562	0.680949591652055
TCGA.EB.A5FP.01A	0	0.0143976523866647	0.372870995277637	0	0.089756191315926	0.501661855675461	0.0213133053443111	0	0.63101895797837	0.7950535427756
TCGA.D3.A51J.06A	0.0798099327169439	0	0.0521809593919305	0.337210003033004	0	0.530799104858121	0	0	0.654227337480005	0.778674409468873
TCGA.EB.A44N.01A	0.291623385566631	0.00358698467093051	0.147933322384329	0.0427233132071824	0.0625944012396551	0.439141529575717	0.0123970633555552	0	0.934183122878159	0.658232015069429
TCGA.FW.A3TV.06A	0.243912956478238	0	0.0382396610297651	0.056607644411162	0.032738718586859	0.625162330761085	0.00333868873289122	0	0.714813695432614	0.720967031046834
TCGA.XV.AAZV.01A	0.00259784388052948	0.00538092309803122	0.0720261656351024	0.0426447908673556	0.146217156475401	0.723355080529613	0.00777803951396699	0	0.753420380258497	0.668869923198912
TCGA.ER.A3EV.06A	0.174509862275566	0	0.0518443781736389	0.0480654429048793	0.0498394983874486	0.668672300415756	0.00706851784271155	0	0.792290779855956	0.651334318895123
TCGA.D3.A5GT.01A	0	0.0109663157389287	0.273101522460126	0	0.0775892974084889	0.629800005780965	0.00854285861149083	0	0.918032119849564	0.553366136168148
TCGA.EB.A5SH.06A	0.428813178335711	0	0.254392525104069	0	0.0784380593469914	0.218844374422435	0.0195118627907935	0	0.754685401882012	0.814942296722644
TCGA.EB.A42Y.01A	0.00344296610944646	0.0174352922072355	0.158513372732264	0.000691540546466297	0.127149533180603	0.69094431715456	0.001822978069424	0	0.757501488729837	0.671191403957663
TCGA.ER.A19Q.06A	0.00409688786093605	0	0.0347807754297684	0	0.0513126560298001	0.902622639027539	0.00718704165195624	0	0.754032565154022	0.657240507996508
TCGA.EB.A85J.01A	0.113944454229675	0	0.00741631467206756	0.390873121623538	0.0428609516898173	0.43225585602739	0.012649301757512	0	0.793143043672801	0.740525458791
TCGA.EE.A2MJ.06A	0.400946485135801	0	0.083374655143826	0.159911593841771	0	0.350271439087867	0.00549582679073587	0	0.760671019920378	0.774081151950732
TCGA.GN.A264.06A	0	0	0.0533333007006794	0	0.0309410784388041	0.915725620860516	0	0	0.710214866395405	0.705827805804618
TCGA.FS.A1ZD.06A	0.00839115334096734	0.0105195591343685	0.0751106292485389	0	0.152930888558176	0.477148081149521	0.275899688568429	0	0.87389631170642	0.504893086639354
TCGA.EB.A1NK.01A	0	0.0175926600237058	0.226538438888133	0.0207142317351339	0.188032837198794	0.54204458008704	0.0050772520671936	0	0.810368910653161	0.678906747195584
TCGA.D3.A8GI.06A	0	0	0.0814767087566002	0	0.0924093388674736	0.812145853410956	0.0139680989649699	0	0.717561504336316	0.694494625333352
TCGA.EE.A2M7.06A	0.492618168393023	0.00213552834181749	0.228342712057536	0.0397322721539055	0.0243580882760163	0.212813230777701	0	0	0.8275864975446	0.781035045043987
TCGA.BF.AAP4.01A	0.0101560680124586	0	0	0.325841946383078	0.022800041565334	0.57365204050642	0.0675499035327087	0	0.792789737128098	0.671340128330768
TCGA.FS.A1Z7.06A	0	0	0.0502845355745279	0	0.0495883907971057	0.896161577354269	0.00396549627409738	0	0.782419332741529	0.624205030394387
TCGA.D9.A149.06A	0.0609354407902767	0	0.00422854734990579	0	0.0330724431472416	0.872743296134916	0.02902027257766	0	0.740983134082185	0.673253576183789
TCGA.BF.AAP0.06A	0.549951932151995	0	0.0207540335519381	0.168917061892583	0.00952746342145781	0.250849508982026	0	0	0.810128741485379	0.761718772373894
TCGA.FR.A3YN.06A	0.0110479289627672	0	0.0939014619530088	0.139450560892141	0.0357399362062423	0.719687678555992	0.000172433429849109	0	0.736957149938644	0.684876290046709
TCGA.FS.A1ZW.06A	0.475899550170885	0.0159900168939717	0.0366960440404856	0.128041730451368	0.0129056995372975	0.330466958905993	0	0	0.579431307074811	0.842956866786255
TCGA.GF.A3OT.06A	0.00678988293089418	0.00635552216089283	0.173497321801216	0.0107504173013874	0.0567909016987269	0.745815954106883	0	0	0.981776620223575	0.406258831093945
TCGA.EE.A2MT.06A	0.0991594230365062	0.0106426845581216	0.23067099876952	0.0338553606304183	0.098478989288166	0.512587314087414	0.0146052296298539	0	0.779301827610795	0.712989135137122
TCGA.FS.A4F2.06A	0	0	0.158324427061459	0	0.0781856681339841	0.763489904804557	0	0	0.731087312631258	0.684030393124666
TCGA.DA.A1I7.06A	0	0.0126939647783721	0.120976998810929	0.0356959311198336	0.136290733800457	0.694342371490409	0	0	0.756888802602764	0.670852030901747
TCGA.EB.A4P0.01A	0.0123602787800269	0.00431387640733249	0.0961048645239806	0.0785526455788088	0.0978206213656207	0.706253317554901	0.00459439578932919	0	0.751661387005242	0.674007090576264
TCGA.FS.A4F0.06A	0	0.0091078647577718	0.256017457216518	0	0.0764639144279946	0.648993897251902	0.00941686634581307	0	0.627965697118842	0.775687620900684
TCGA.EE.A29P.06A	0.00268566388012191	0	0.0439503982498081	0.291493066407557	0	0.661870871462513	0	0	0.73217707809087	0.698989909160237
TCGA.FS.A1ZR.06A	0	0.00322013442924254	0.148966951380138	0.0128863073939878	0.0404450635186931	0.771368743351288	0.0231127999266506	0	0.72806334608617	0.687448482204426
TCGA.EE.A2ME.06A	0.325590385735364	0	0.154108689267266	0.306691453799223	0	0.213609471198147	0	0	0.711427076524506	0.849168250089534
TCGA.EE.A29M.06A	0.279841039153735	0	0.165245673379148	0.105148094827087	0.0255682291657282	0.337304978535541	0.0868919849387596	0	0.8318309680868	0.725480868862226
TCGA.D3.A2JL.06A	0.107431232348219	4.05555860790678e-05	0.053046258793109	0.369796298664491	0.0369989106868195	0.429992484501132	0.00269425942015098	0	0.719174252937142	0.776093598207096
TCGA.EE.A17X.06A	0	0.00443252385389564	0.138417031181222	0	0.090737212520834	0.734095140101809	0.032318092342239	0	0.713071838335225	0.703592275490375
TCGA.EE.A17Z.06A	0.0228731799030851	0.0127157459372569	0.353632558733844	0	0.198221733387777	0.388451906118029	0.0241048759200084	0	0.663765624066504	0.810488649219975
TCGA.EE.A3J7.06A	0	0.00903380718609655	0.0988562999890584	0.132402152580267	0.0904788875189776	0.669228852725601	0	0	0.729240945786779	0.698871869331461
TCGA.EE.A29W.06A	0	0.0032445565618744	0.11983536573878	0	0.0558782344741218	0.821041843225224	0	0	0.71458521331594	0.696844896881435
TCGA.DA.A3F8.06A	0.0766771036119574	0	0	0.333819799739651	0	0.558483873845049	0.0310192228033425	0	0.715450638114687	0.73574993391247
TCGA.D3.A8GK.06A	0.0382667812163745	0.0115586246489321	0.273975158082242	0	0.101668090729895	0.55993215070294	0.0145991946196167	0	0.778628821767989	0.694223671050744
TCGA.EB.A553.01A	0.0624014318870477	0.00972027897853221	0.328503458789268	0.035647054620244	0.0760296249095991	0.42184860645279	0.0658495443625187	0	0.900742363455073	0.669328521000836
TCGA.FS.A1Z0.06A	0	0	0.0201985765555915	0.02529232766167	0.0267590444073102	0.922585695767836	0.00516435560759187	0	0.762752288125578	0.648155906035934
TCGA.EB.A44O.01A	0	0.00351884096933544	0.121062369442473	0.00847233023908853	0.0484889380743895	0.769465023002688	0.0489924982720254	0	0.697501809654123	0.715751524725223
TCGA.ER.A3PL.06A	0	0	0.0325387114241781	0	0.0665828315913473	0.889543576285289	0.0113348806991856	0	0.824342349404837	0.573503418737145
TCGA.FR.A728.01A	0.000646730430794797	0	0.114642425610224	0.118646120918689	0	0.760263460833316	0.00580126220697571	0	0.931308806915357	0.470757717738103
TCGA.DA.A1IA.06A	0.00233271755320571	0.00404740309321946	0.214913107552008	0.0269248985813228	0.0760105364050215	0.653615809428629	0.0221555273865935	0	0.728199536114551	0.703199847660097
TCGA.ER.A19L.06A	0	0.00735794569854684	0.210599497172475	0	0.093242787736207	0.688348525476518	0.000451243916252257	0	0.75447403496156	0.674559565258487
TCGA.D3.A5GL.06A	0	0	0.158701922542825	0	0.0582656235496637	0.768001959613461	0.0150304942940504	0	0.758534032442843	0.658826088535636
TCGA.EE.A2GR.06A	0	0.0091740443195329	0.280878165343051	0	0.0843662316948601	0.625581558642557	0	0	0.780988736783728	0.669594673204623
TCGA.BF.A5EQ.01A	0.192670031646097	0.00399988693143388	0.108805692789549	0.117265417026639	0.0368517638470728	0.535440278680561	0.00496692907864653	0	0.802316330436388	0.69045654240381
TCGA.EE.A2MU.06A	0.0230380192762612	0	0.0108128669463057	0	0.0401194555369485	0.899821071561262	0.0262085866792228	0	0.734532933483104	0.680257168487791
TCGA.EB.A82B.01A	0.0634798860221254	0	0.0636484183787722	0.0458020695068813	0.0537419855693699	0.765121932056489	0.00820570846636223	0	0.896686888223843	0.513551663268987
TCGA.D3.A1Q4.06A	0.119595619342897	0.00126502393182343	0.0175382741429481	0.00845541213853149	0.0312617017685167	0.821883968675284	0	0	0.743128357315935	0.670927265109906
TCGA.EE.A29G.06A	0	0.0089430364454421	0.253016304569865	0.0431881859021954	0.0999770081969713	0.585839541119597	0.00903592376592983	0	0.836727825516763	0.642598382109334
TCGA.EB.A5KH.06A	0.199893573967159	0.0116537338927856	0.32519562302739	0	0.086237408452338	0.372822379280836	0.00419728137949067	0	0.779858224411205	0.772962939233413
TCGA.WE.AAA3.06A	0.0103610070112106	0	0.0797344493708529	0.0340803355447409	0.0604109695669025	0.808661409447282	0.00675182905901073	0	0.720315106889025	0.69209331124774
TCGA.DA.A1I1.06A	0.0547374582941191	9.94129055464174e-05	0.0584137628579529	0.0233517516234222	0.0534033868488085	0.802269866969045	0.00772436050110629	0	0.74593954379254	0.668463631627714
TCGA.EB.A3XC.01A	0	0.0026087486890556	0.112322173250424	0.0237592575478702	0.039093630184948	0.815488363994348	0.00672782633335365	0	0.891461913610887	0.500328578593165
TCGA.3N.A9WC.06A	0.069897163038653	0	0.0451055303222198	0.28456828067316	0	0.595877343183473	0.00455168278249417	0	0.727318176106565	0.718998018294793
TCGA.D3.A8GL.06A	0	0.00997652185904202	0.210686695009655	0	0.0751122150199715	0.697538267954586	0.00668630015674644	0	0.739811477004533	0.685448453424547
TCGA.WE.A8ZX.06A	0.0749132177642046	0.00396117141245709	0.0705537864734819	0.135152234671406	0.0322172055879918	0.644999708620681	0.0382026754697776	0	0.728792881680044	0.706164102436702
TCGA.D3.A51H.06A	0.978281813262184	0	0	0	0.0114830722978011	0.0102351144400153	0	0	0.76472623837884	0.703222683828556
TCGA.FS.A1ZC.06A	0	0.0151173282241898	0.169327647822018	0	0.184014232234732	0.629580708806139	0.00196008291292156	0	0.870252542996082	0.5944099525097
TCGA.EE.A2MK.06A	0.0155442137375206	0	0.0218085253219562	0.105870700197841	0.0481514302651774	0.807493745645587	0.00113138483191804	0	0.72995036015051	0.682860137980579
TCGA.DA.A1I8.06A	0	0	0.104925863718521	0	0.135640732403741	0.757843429273961	0.00158997460377746	0	0.823588141017316	0.594153509186124
TCGA.D3.A1QA.07A	0.141900807621606	0.0019760991563538	0.11519102487272	0.0927063815910618	0.03491411204499	0.596598289613491	0.0167132850997779	0	0.778697703299575	0.684101142822701
TCGA.EE.A2GH.06A	0.0546826537123237	0.000596280518494694	0.0459955694862649	0.160285901925306	0.0317484115793295	0.672705992807835	0.0339851899704464	0	0.743375727777199	0.689279036251999
TCGA.EB.A44Q.06A	0.125246053888134	0	0.13079063558815	0.111403436658541	0.0245818906152239	0.607977983249951	0	0	0.753568920878684	0.69788593292329
TCGA.DA.A95Y.06A	0	0	0.117909491147514	0.00759884841467051	0.0427807428517037	0.831710917586112	0	0	0.78934230243279	0.619569663920369
TCGA.DA.A95V.06A	0.473514525278133	0	0.0892054378299836	0.0163371743403375	0.0549471013526862	0.356542001566088	0.00945375963277115	0	0.70153272783077	0.787499243374463
TCGA.D3.A3MU.06A	0.0900580660981853	0	0.114522024774539	0	0.0685855713053203	0.726834337821955	0	0	0.888751468310468	0.537558813269702
TCGA.ER.A19C.06A	0.00789118826694051	0	0.0973705765676702	0.00562576083210234	0.0593480172896184	0.829764457043669	0	0	0.836581065774401	0.565523353487675
TCGA.BF.A3DL.01A	0	0.00208159419185857	0.225104174956021	0	0.0822912983145053	0.677256723044965	0.0132662094926495	0	0.857028332123062	0.587789679622769
TCGA.EE.A29H.06A	0.642968849846413	0.000897576098705884	0.022115200701754	0.00737466515306712	0.0215105230325571	0.304704942743622	0.000428242423880768	0	0.782758661353373	0.738277413937061
TCGA.EB.A6QZ.01A	0	0.0159046004829749	0.225517506025143	0	0.1608798552533	0.589098832189816	0.00859920604876584	0	0.816833901176103	0.655074241467045
TCGA.XV.A9W2.01A	0.0387491318898458	0.00808607851792108	0.322244293391129	0.0085311749416795	0.114647391546681	0.502154506611729	0.00558742310101437	0	0.906387266817847	0.639957501745365
TCGA.FR.A8YC.06A	0.0690270903031269	0	0.131063981892521	0.131632460726285	0.0637245491874429	0.604313620129653	0.000238297760971331	0	0.68900957698632	0.741829153678375
TCGA.DA.A3F3.06A	0.00146541259629872	0.00119989369349132	0.140455566886309	0.043351219660939	0.0492780795145884	0.764249827648373	0	0	0.640136152797761	0.762870179793533
TCGA.EB.A3XF.01A	0	0.00194410860624843	0.144937237179827	0	0.114676566127798	0.727984973620191	0.0104571144659351	0	0.915539289823363	0.503628442423511
TCGA.FW.A5DY.06A	0.76173187669813	0	0.199021227119117	0	0.00922474846320098	0.0300221477195518	0	0	0.791845757970089	0.740575627873492
TCGA.D3.A3MV.06A	0.00176107914904139	0.00477829497707692	0.183923669167832	0.0255741812595044	0.147009333449872	0.62911294876017	0.00784049323650238	0	0.76743446288288	0.678623750671143
TCGA.D9.A3Z3.06A	0.565553165043971	0	0.0197224381090072	0.00830944061015382	0.0243076072243594	0.379199050793623	0.00290829821888555	0	0.793946208068081	0.724175360394603
TCGA.YD.A9TB.06A	0	0.00290025807441326	0.0468033497287857	0.0495004509867336	0.037349475004477	0.852794931491289	0.0106515347143011	0	0.747220159452629	0.664432240820223
TCGA.FS.A1ZP.06A	0.131531590528379	0.00289887154089354	0.0393006438646781	0.0738998989802487	0.0194472281937494	0.732921766892051	0	0	0.662775716761983	0.746639470361187
TCGA.FS.A1Z4.06A	0.692262912730036	0.00147055259115027	0.0813791849208565	0	0.00681138863098607	0.20680485445973	0.0112711066672417	0	0.834426381476226	0.726503720516896
TCGA.D3.A1Q1.06A	0.0134758390479475	0	0.159876451654135	0.00384626241403777	0.130156985505659	0.692644461378221	0	0	0.71587966374875	0.705332744670261
TCGA.RP.A693.06A	0.0994819470716303	0	0.0610291848528343	0.0635438930020794	0.0419675090021758	0.73206217283406	0.00191529323722014	0	0.714596869477493	0.703674729978656
TCGA.ER.A19J.06A	0	0.00276989068865802	0.0333583005684787	0	0.0617393173262533	0.90213249141661	0	0	0.731961990642912	0.68106420886829
TCGA.D3.A3ML.06A	0	0.00893530956225269	0.179732313659631	0	0.033918889404873	0.777413487373243	0	0	0.729443694008134	0.684715667259493
TCGA.EE.A2GB.06A	0	0	0.0938350668492784	0.036612726444169	0.0355772444835104	0.833974962223042	0	0	0.786794570339025	0.622292000847935
TCGA.D3.A5GN.06A	0.0319784024036085	0.00491833400509877	0.164661876700065	0.0228228568270664	0.0501324591830849	0.720844794796047	0.00464127608502879	0	0.807070726114019	0.621966523625151
TCGA.FS.A1ZT.06A	0.168611510876466	0.00408761705352055	0.236376927624031	0.0771144819163123	0.00800287825230262	0.505806584277368	0	0	0.747931922933735	0.734344067677346
TCGA.ER.A19M.06A	0	0	0.0208187606239537	0.19316691539856	0.0278471869612274	0.758167137016258	0	0	0.701536072740545	0.711431910260223
TCGA.EE.A20I.06A	0.060430508689863	0.000374268090582698	0.0792160765819982	0	0.0391122706255461	0.809107017919241	0.0117598580927693	0	0.751409822005068	0.663038891643183
TCGA.EE.A185.06A	0.00363152815408941	0.0144965137311997	0.368552481665963	0	0.115968456501767	0.492567313213673	0.00478370673330794	0	0.840017702167273	0.684457664695416
TCGA.ER.A19H.06A	0.0307716948260441	0.0017269453892467	0.0342769994569788	0.0732902394159012	0.0362248143710642	0.813909346215431	0.00979996032533446	0	0.754211961496404	0.659378403764196
TCGA.EB.A5SE.01A	0.0568749080854427	0.00836120775440658	0.230631247942736	0.0416185136032927	0.0893369743394371	0.55986090498139	0.0133162432932947	0	0.820864085557036	0.666841510859766
TCGA.GN.A267.06A	0.0231725575502337	0.00405317929991052	0.0579956454229381	0.256163620569807	0.0308526680638268	0.627762329093284	0	0	0.795095984219726	0.659493586001809
TCGA.EE.A3JE.06A	0.164197229047924	0.00190791303504842	0	0.335331937930516	0.00689304404508556	0.491669875941426	0	0	0.716688446923206	0.755687843950004
TCGA.BF.A9VF.01A	0	0.00680441923060531	0.305674756206558	0	0.0792729086594825	0.586108423787262	0.0221394921160925	0	0.864501974969484	0.620755330302664
TCGA.FS.A1ZA.06A	0.11597104900629	0	0.0337434607103056	0	0.0371379533794159	0.813147536903989	0	0	0.756153330705045	0.658226629489055
TCGA.D3.A5GS.06A	0	0.00285630552453923	0.0741923777566046	0.0503289528883872	0.0543321904306894	0.81829017339978	0	0	0.746674700247397	0.665362084665948
TCGA.QB.AA9O.06A	0.14330797807213	0	0.0685488922411976	0.182107937554678	0.0564364380733126	0.547420196071245	0.0021785579874366	0	0.720441469102815	0.736533638159309
TCGA.FW.A3TU.06A	0.0469427091635021	0.000778505908402803	0.101485002154669	0	0.120339663949197	0.730454118824229	0	0	0.76445601530617	0.658424360731612
TCGA.ER.A19O.06A	0.0400048170055199	0	0.049276814256445	0	0.117699256492378	0.793019112245657	0	0	0.701336771852552	0.709800059848095
TCGA.D3.A8GP.06A	0.00792859413345813	0.0177279510136742	0.234858724891992	0.0652456791067018	0.132672236107087	0.527153272618994	0.0144135421280936	0	0.701761485172444	0.750968236841402
TCGA.EE.A2MQ.06A	0	0.00271220434770402	0.0573136889062677	0.0223888930150741	0.0168317194447677	0.900753494286187	0	0	0.771638396552199	0.636920157130684
TCGA.D3.A2J6.06A	0	0	0.00582792526237961	0.417844036710189	0.0328148625086245	0.54238344350718	0.00112973201162653	0	0.6763202509729	0.761874337830454
TCGA.GN.A4U4.06A	0.173294319850879	0.005103881966318	0.423383214322871	0.0341947270401538	0.0184665182494616	0.345557338570317	0	0	0.329149616818164	0.934668199636832
TCGA.D3.A2J9.06A	0.284566163446913	0	0.0741163904030966	0.307019721371346	0	0.329041620072934	0.00525610470570968	0	0.729880886643749	0.805552048650957
TCGA.EE.A2MI.06A	0	0	0.0920508043874568	0.0545985636221884	0.0776655134315096	0.775685118558845	0	0	0.73382017815785	0.680517697892257
TCGA.D3.A8GJ.06A	0.0170867901339249	0	0	0.428324831001273	0.0298274851658805	0.521344749323305	0.00341614437561604	0	0.752771811304316	0.723826565522337
TCGA.GN.A9SD.06A	0.451904947199171	0	0.133426036097435	0.134949223057998	0	0.279369812746463	0.000349980898932955	0	0.899470754852168	0.739930879191638
TCGA.ER.A197.06A	0.00207672147133653	0	0.0196968629358613	0.0814261363021283	0.0769047853226841	0.81989549396799	0	0	0.888371778597063	0.501923461891001
TCGA.GN.A4U9.06A	0	0.00615581675284509	0.124410760327773	0.00698924234716791	0.0456966600497998	0.816747520522415	0	0	0.796114545916453	0.613714641678433
TCGA.EE.A20C.06A	0	0.00441082110112312	0.220140633233451	0	0.0835566687580618	0.686930363528552	0.00496151337881198	0	0.688062401071744	0.728285340817358
TCGA.D3.A3C3.06A	0.134562588469381	0.000513240521234822	0.020316055244409	0.0858867035167544	0.0327985586619691	0.71573562644564	0.0101872271406115	0	0.750358571580442	0.676462317783465
TCGA.FS.A4FD.06A	0.0363406936918719	0.00919415940334363	0.130871473684935	0.0700014726385533	0.110993280237027	0.642388965429627	0.000209954914641093	0	0.501995259911957	0.856990151683506
TCGA.EE.A3JI.06A	0.00750527672184045	0.00545486784487757	0.141426070725254	0.00936685113967778	0.141424258266555	0.694822675301795	0	0	0.645981971448451	0.759110840130704
TCGA.EE.A3J8.06A	0	0.0180999304994301	0.312393738071387	0	0.0900158240860271	0.579490507343155	0	0	0.498437198806844	0.857817408952607
TCGA.EE.A20B.06A	0.0525394599790472	0.00374225511753245	0.0624906421267158	0.0505000856229111	0.0490343258879751	0.781693231265818	0	0	0.729763429949718	0.684927735133466
TCGA.BF.AAP8.01A	0.00743261625812153	0.00124845109053739	0.120983156735531	0.0799333268644693	0.0638753161337915	0.72652713291755	0	0	0.633688122112952	0.767916396031266
TCGA.FR.A44A.06A	0	0	0	0.261490572184599	0.0169094885674174	0.712207785315858	0.00939215393212519	0	0.711244633825327	0.707839416073388
TCGA.EE.A29E.06A	0.0114272829108401	0	0.277244832926396	0	0.123764957350314	0.580196960405212	0.00736596640723814	0	0.496494401977717	0.858997720283566
TCGA.EE.A2MC.06A	0.0381899166279439	0	0.22003584324758	0.114421444259905	0	0.611287655098373	0.0160651407661977	0	0.726782476809631	0.715150679956679
TCGA.ER.A3ET.06A	0.129924499124311	0	0.102708424289494	0.02355911569155	0.0736255516310449	0.6701824092636	0	0	0.721589713262532	0.706518835493402
TCGA.EE.A2MG.06A	0.70651876554771	0	0.107820032018591	0.0135196129343356	0.0093948072781338	0.162746782221229	0	0	0.833651371634861	0.729838884174467
TCGA.D3.A2JN.06A	0.305713977547187	0.0039943357583947	0.0672440111488181	0.125642356193167	0.023105996308253	0.446597307475925	0.0277020155682557	0	0.862860749168054	0.691054365345511
TCGA.EB.A3XE.01A	0.0192035493779957	0.00979299757584415	0.365089269315316	0.0220328950729677	0.125088281132807	0.45156551652458	0.00722749100048903	0	0.617370346236475	0.813896251077296
TCGA.ER.A19W.06A	0.0273882668827209	0	0	0.300860683455893	0.0187131398672602	0.639133196064239	0.0139047137298866	0	0.723076067019933	0.711162615051893
TCGA.BF.A1PZ.01A	0.0258598944310675	0.000642584008683988	0.122135353006835	0	0.0429570749916716	0.77608164447435	0.0323234490873917	0	0.805156221903048	0.61257110585637
TCGA.D3.A8GD.06A	0.530568930979699	0	0.0131849385598016	0.0348161427950937	0.00556584603316387	0.37016784575754	0.0456962958747016	0	0.704544292537655	0.774430913748922
TCGA.D3.A8GR.06A	0.0117894103206104	9.74165153931715e-05	0.115167957864333	0.0187948298197344	0.048659226143726	0.790898682162105	0.0145924771740981	0	0.743531111840535	0.671260012558128
TCGA.EE.A3AB.06A	0.00425537851751389	0	0.0591275105266558	0.00572130604413797	0	0.930895804911692	0	0	0.969971723853283	0.322842276355736
TCGA.D9.A148.06A	0.118774231705431	0	0.203948290726506	0.122206108605205	0	0.519096881819239	0.0359744871436195	0	0.750608290064873	0.726440372156912
TCGA.EB.A6R0.01A	0.00158349492609657	0.00261264546751783	0.0155463192467678	0.0547290027224837	0.00254037549344385	0.894154498765712	0.0288336633779787	0	0.735736593806538	0.678896313917615
TCGA.D3.A3CB.06A	0.263132236921821	0	0	0.289554232088243	0.01350127569249	0.433812255297446	0	0	0.713438615982675	0.774215256467616
TCGA.EE.A2GK.06A	0.89675207002388	0	0.0706160071659635	0	0	0.0307442998979774	0.00188762291217935	0	0.825885779544472	0.685395518565265
TCGA.EE.A181.06A	0.342550222764812	0.00147552844674349	0.00310947727755582	0	0.027748195992226	0.625116575518663	0	0	0.801098744693483	0.654448494871748
TCGA.ER.A2NE.06A	0.0305461399028211	0.0144993270928202	0.252468611767016	0	0.0847200617165267	0.590023908871421	0.0277419506493953	0	0.817146137130698	0.655293966005086
TCGA.WE.A8K5.06A	0	0.00379869320104839	0.117697075884086	0.118260444786832	0.0391041007666272	0.721139685361407	0	0	0.789488577549643	0.637564714258669
TCGA.DA.A1IC.06A	0	0.00121504189460295	0.0986630792157787	0.0727200080877668	0.0546321746534929	0.725910234545654	0.0468594616027051	0	0.74045246215438	0.681216095416678
TCGA.D3.A51G.06A	0	0.00387086251433747	0.114461837033177	0.0963494306874196	0.0615039720071356	0.723813897757931	0	0	0.77883633037454	0.646483688930274
TCGA.BF.A1PV.01A	0	0.0115022161937148	0.315333958259593	0	0.108447760309126	0.564716065237567	0	0	0.939561389049231	0.574328797546002
TCGA.FS.A4FB.06A	0.00348075619285236	0.0216524653197338	0.211866760990207	0	0.230355342585332	0.526663483626886	0.0059811912849887	0	0.256294424879752	0.973051764598904
TCGA.BF.A1Q0.01A	0.0536369418065922	0	0.150081923410911	0.0811641631401794	0.0209115750981682	0.671040643064096	0.023164753480053	0	0.808552179805696	0.636134426587299
TCGA.FS.A4F8.06A	0.502059730948391	0.00451461085207257	0.234064624468522	0.0683773179123055	0.00766233289609294	0.18289385991243	0.000427523010185288	0	0.832522063409222	0.785910486042608
TCGA.FS.A1ZY.06A	0.0140252444600358	0.0183452702600679	0.232812895673827	0	0.178645599702612	0.552259715882374	0.00391127402108422	0	0.670705168164857	0.762495925869378
TCGA.ER.A19E.06A	0	0.00280142411445306	0.108032657522675	0	0.0773499941777929	0.811815924185079	0	0	0.76622454975887	0.645574334468563
TCGA.GN.A26D.06A	0.214774850557871	0	0.077495361093935	0.0193859504014943	0.05680298068423	0.617470622856469	0.014070234406001	0	0.684659965621907	0.743484801603842
TCGA.D3.A3MO.06A	0	0	0.291758726863578	0	0.123442999802981	0.576239777869375	0.00855849546406562	0	0.768465211891172	0.694328190744219
TCGA.EE.A2GJ.06A	0.00679658920959554	0	0.0442711022563455	0.113989928992437	0	0.834931325098408	1.1054443214549e-05	0	0.732296328902745	0.68002176524826
TCGA.D3.A3C6.06A	0.0113428930512903	0	0.143270851069512	0.00159541364003424	0.0935595222789648	0.742199881390803	0.008031438569396	0	0.723843991604893	0.693037650489912
TCGA.3N.A9WD.06A	0.538059862969278	0	0.121545019743207	0.08330649945024	0.0188375922328937	0.226325430613107	0.011925594991275	0	0.695873561329248	0.813754211872698
TCGA.D3.A2JC.06A	0	0	0.0550673561849917	0	0.0672503292969026	0.866912977554244	0.0107693369638616	0	0.753342861640263	0.65743925172747
TCGA.FR.A7UA.06A	0.118572154058657	0	0.0225664326144092	0.316480924845322	0.0110855216187621	0.53129496686285	0	0	0.678625127244695	0.765199998903367
TCGA.GN.A26A.06A	0	0.00752367750319339	0.100624798671698	0.0184590233043719	0.113253858918971	0.760000244589469	0.00013839701229691	0	0.722498157195134	0.691779913617791
TCGA.D3.A1QA.06A	0	0.00298858577209558	0.0738275686238158	0.0164481016355717	0.047733115340759	0.830556455754482	0.0284461728732756	0	0.686718457181785	0.724975408333548
TCGA.D9.A6E9.06A	0.0431501983465896	0	0	0.432024253433152	0.0487749159205928	0.439617842378489	0.0364327899211766	0	0.697819971895737	0.777345086327511
TCGA.EE.A184.06A	0.0399262675373041	0	0.0339650787680179	0	0.0365148865602172	0.879480687702984	0.0101130794314769	0	0.727492108774956	0.686108970080572
TCGA.DA.A95W.06A	0.0306382011008223	0.00249924592022037	0.10102459145196	0.124654040671948	0.0558344977623216	0.681033203660549	0.00431621943217879	0	0.738894798924901	0.690148437160095
TCGA.EB.A3Y7.01A	0.0690973375683003	0.00672463588316938	0.145960135099334	0.0230305880832592	0.104576255075772	0.641301002347707	0.00931004594245844	0	0.938909543307803	0.528881001887532
TCGA.EB.A97M.01A	0.00485314722794905	0	0.0174202341492384	0	0.077738590678337	0.86313147269669	0.0368565552477857	0	0.771582505818728	0.638948777081907
TCGA.EB.A6L9.06A	0.609706215973214	0	0.184937093355777	0.0693011038532686	0.0330725036821408	0.100588761555888	0.00239432157971169	0	0.80568739049822	0.777606245477193
TCGA.BF.A3DN.01A	0.00156259395201242	0.00213324038510207	0.231116757543941	0.0161482988706004	0.093555427840543	0.652047991827169	0.00343568958063204	0	0.879449205953468	0.577384258086265
TCGA.EE.A29B.06A	0	0.000760799209972365	0.0965573371820446	0	0.071032567094521	0.831649296513462	0	0	0.718632486312295	0.692740721761605
TCGA.GN.A4U8.11A	0.699501193153128	0	0.0295199021710818	0.0924115968682105	0	0.177006283757986	0.0015610240495936	0	0.813772867258129	0.739152558759769
TCGA.FS.A4F9.06A	0	0.00383400538599872	0.16301517791744	0.00257083351180359	0.0492782117022421	0.781301771482515	0	0	0.783602109751052	0.631703812082339
TCGA.EB.A41A.01A	0.033349033192656	0.0122557830017062	0.223654987995564	0	0.104339825791417	0.623669805427328	0.00273056459132897	0	0.791160731377391	0.663119424045705
TCGA.Z2.AA3S.06A	0.0565290743942391	0.00369123950786007	0.134147847909117	0.14054410638878	0.0584559655218865	0.597246815151499	0.0093849511266188	0	0.671121355283882	0.754936806323017
TCGA.EE.A2GC.06A	0.0347276838449054	0	0.0166105434878692	0.0730951739279033	0.013317695713616	0.858006136014006	0.00424276701169986	0	0.67952928479108	0.732829302683189
TCGA.D3.A2JA.06A	0	0	0.0607023715634495	0	0.0345598934809077	0.904737734955643	0	0	0.741825610676887	0.670644845366979
TCGA.EB.A430.01A	0.0855769243943798	0.0014373937056884	0.186116636592624	0.186363202568535	0.0496264085889035	0.461174581764284	0.0297048523855862	0	0.820445067074582	0.71128008800219
TCGA.EE.A17Y.06A	0.0158513231091358	0.0103941999078149	0.237794412854347	0	0.128115007074775	0.6039816761282	0.00386338092572767	0	0.89475537607252	0.587994251581668
TCGA.EB.A5SG.06A	0.0830559489378524	0	0	0.363325523643325	0	0.528341732329199	0.025276795089623	0	0.685932074088861	0.761242958724112
TCGA.YG.AA3N.01A	0.00592351482123744	0	0	0.463442592003975	0.0482209964019397	0.482412896772848	0	0	0.696653314191632	0.766753630815962
TCGA.DA.A1HW.06A	0.146753850509727	0	0.0580075178683101	0.0933987343230937	0.0352001958856385	0.63796954596054	0.0286701554526908	0	0.759645789259372	0.685944106888521
TCGA.EE.A29Q.06A	0.0447947781743042	0.00771374356198243	0.205166280191641	0	0.134881222193958	0.60347466413073	0.00396931174738453	0	0.732229033781026	0.711799017419477
TCGA.EE.A3J5.06A	0.0895229682237534	0	0.0416159411589024	0.0235445863998665	0.0368638824744314	0.796779525028342	0.011673096714704	0	0.732589074206167	0.682676709872252
TCGA.FS.A1YY.06A	0	0.000460334821116347	0.012639502234085	0	0.0629197798721214	0.923980383072677	0	0	0.749392228609028	0.662997081809997
TCGA.DA.A3F2.06A	0.139574765699065	0.00430551302188386	0	0.2635866506362	0.0611238457570316	0.493111932400941	0.0382972924848781	0	0.617722500190717	0.804489676687832
TCGA.BF.A5ER.01A	0	0.0123094939393782	0.31118354486959	0	0.13257128035691	0.535764633433968	0.00817104740015413	0	0.829234555363763	0.669804284284887
TCGA.IH.A3EA.01A	0.0122622116727386	0.0128754063311622	0.108282175364874	0.0149808364263562	0.127373749507506	0.71665521538009	0.00757040531727286	0	0.956297772144677	0.459799943079027
TCGA.D3.A51T.06A	0.342980978043376	0.000537811948732758	0.0333942725342637	0	0.0227311311537965	0.575202593518656	0.0251532128011756	0	0.708531652542187	0.735207592879737
TCGA.RP.A694.06A	0.0331669536886126	0.00555376158982797	0.155994273081028	0.0860550618171001	0.0443104821383761	0.674919467685056	0	0	0.49093979044306	0.866056774410034
TCGA.GN.A265.06A	0.0413032144615309	0.00079965699910721	0.180083336472514	0.00571865624617677	0.0287441091554777	0.741515915611469	0.00183511105372501	0	0.819600194585485	0.604874659003887
TCGA.EE.A2MS.06A	0.0457286014282165	0.00576307794817706	0.0310788528775474	0.00773179807980329	0.0459745259880116	0.863723143678244	0	0	0.7458367471115	0.665803589231498
TCGA.EB.A3XD.01A	0.0332908737152564	0.00941267600778915	0.36955517443929	0.016639286185062	0.105784146386122	0.456402264845353	0.0089155784211278	0	0.709608181683718	0.769801972265195
TCGA.ER.A194.01A	0.00533528741538937	0.00985312769699788	0.229024860498913	0.0879833089233691	0.123002734388763	0.539791567871235	0.00500911320533262	0	0.762993767219709	0.710816353917497
TCGA.EE.A3J4.06A	0	0.000950036689332426	0.120821788817395	0.0431204335885269	0.0513685504304767	0.783174338636719	0.000564851837549866	0	0.809471185327052	0.604720472407449
TCGA.EE.A2MH.06A	0.691804296563375	0	0.0130189536555866	0.00929497272518377	0.0113601377273952	0.269533895229884	0.00498774409857541	0	0.870176816458791	0.692921495396918
TCGA.D3.A8GO.06A	0.759572341955062	0	0.0531786387917885	0.0537779886609418	0.0300250492275767	0.0941891126763683	0.00925686868826314	0	0.8769712472134	0.699781555903682
TCGA.D9.A3Z4.01A	0.0631387762644166	0	0.110241616660741	0.0945905393006216	0.05489341494984	0.660906531070448	0.0162291217539332	0	0.720473286973562	0.709194998535209
TCGA.GN.A266.06A	0	0	0.131299127164917	0	0.00186548174132048	0.863369004325216	0.00346638676854639	0	0.797462319447031	0.608452974003272
TCGA.GF.A6C9.06A	0.625179998938218	0	0.0238442824713889	0	0.0108627584921912	0.340112960098202	0	0	0.775338107069207	0.73579722426996
TCGA.FS.A1Z3.06A	0	0.00651327401387384	0.282829976633124	0.00202210389441499	0.0901851626035573	0.610413623576728	0.00803585927830256	0	0.743185162775573	0.701916417778858
TCGA.ER.A19G.06A	0.085934579048232	0	0.0409042411072048	0	0.0469851395338434	0.650086508834788	0.176089531475932	0	0.784018682088879	0.63626902293222
TCGA.EB.A5UL.06A	0.448112557707201	0.00024233256220339	0.0717579514416603	0.0885989496638278	0.00974842703921208	0.357411749417488	0.024128032168407	0	0.804345471463566	0.745351079745528
TCGA.FW.A3R5.06A	0.356977876335728	0	0.267306578157882	0.0271805797691887	0	0.344403164660852	0.00413180107635048	0	0.736004933755071	0.790791343596057
TCGA.EB.A42Z.01A	0	0	0.156611469533934	0	0.0594513410222876	0.76643152366095	0.0175056657828284	0	0.763018464235178	0.654819209874835
TCGA.EE.A2MP.06A	0	0	0.0528851081178863	0.0498938143034679	0.0510721102300461	0.8461489673486	0	0	0.722206661266156	0.689481417045418
TCGA.D3.A1Q3.06A	0.292885041852764	0.000199200020244974	0.230552610450489	0.0783613952549299	0.0115248478788415	0.386476904542731	0	0	0.745523741724818	0.776413805052733
TCGA.FS.A1ZZ.06A	0	0.00476936936237942	0.131220678888931	0	0.0585666721217428	0.781146288810261	0.0242969908166852	0	0.666861709482995	0.741426849866174
TCGA.EB.A82C.01A	0.0238952167536133	0.011985854670086	0.280571767096932	0.00560023275594944	0.0812728930422492	0.59667403568117	0	0	0.940865076017132	0.553719446264708
TCGA.D9.A1JX.06A	0	0	0	0.299135798881175	0.033534069903802	0.661994414254859	0.00533571696016412	0	0.703560375274119	0.720535429987509
TCGA.EE.A29X.06A	0.0666740030113627	0	0.0245734377400408	0	0.0826330966047182	0.808497672419793	0.0176217902240851	0	0.833640873550251	0.575362382703092
TCGA.D9.A4Z3.01A	0	0.0016724723896295	0.0761267757261826	0.0184100990000138	0.0574553790290881	0.843888310997355	0.00244696285773086	0	0.725921615083473	0.685740121336838
TCGA.EE.A183.06A	0.537339649751435	0	0.213503426053165	0.0341083125151215	0.0297402494356683	0.181517654187351	0.00379070805725946	0	0.759810132154417	0.801032395036722
TCGA.D3.A1QB.06A	0.0591907559363536	0	0	0.434499895359902	0	0.493085497772702	0.0132238509310425	0	0.722347716660374	0.751412921727604
TCGA.EE.A3AH.06A	0	0.00248371546054638	0.142089620065525	0	0.0981380556594654	0.7489616039674	0.00832700484706352	0	0.688795054962081	0.722482588426311
TCGA.EB.A41B.01A	0	0.00858807861820947	0.17845600491554	0.132359435986322	0.0807624366754755	0.599834043804454	0	0	0.766692841661689	0.688408079655795
TCGA.WE.A8ZT.06A	0.185007387170262	0	0.230580590128467	0.0345039285022011	0.0336492002888153	0.507750124053865	0.00850876985638921	0	0.667922072105549	0.776846647382432
TCGA.EB.A4IS.01A	0.54039724673087	0	0.080279436882997	0.0933404499390723	0.00947161499182763	0.276511251455233	0	0	0.844437534022877	0.741540339243184
TCGA.EE.A3AG.06A	0.00684524025479129	0.00526491220277464	0	0.312331460027379	0.114714455129105	0.557834031869025	0.00300990051692565	0	0.850589645651542	0.645232014141667
TCGA.DA.A1I4.06A	0.00297682622198337	0	0.0829708958687127	0.00623895388589723	0.0626166269339081	0.845196697089499	0	0	0.709942768746575	0.701586345507198
TCGA.GN.A8LL.06A	0.392606356127696	0	0.115745321763596	0.0747456313832914	0.042163928216336	0.363203340127819	0.0115354223812618	0	0.731364641189974	0.781933065113536
TCGA.EE.A3J3.06A	0.0393074953729292	0.000649422969002599	0.0551626376290208	0	0.0373731653561169	0.86750727867293	0	0	0.744964882058803	0.666763566135152
TCGA.EB.A51B.01A	0	0.00934656882737432	0.26574038928566	0.0453804692832776	0.0996624565149721	0.528088915251702	0.051781200837014	0	0.860107320414242	0.64503054672256
TCGA.D3.A8GC.06A	0.053965788055415	0	0.0512060883818306	0.0198867840417701	0.0384135092547187	0.836527830266266	0	0	0.688474049038375	0.722964505183586
TCGA.BF.A5EP.01A	0.00280425046752335	0.00187412338700971	0.234950755035896	0	0.117763053653053	0.634185754496016	0.00842206296050206	0	0.934048503417165	0.535184867593254
TCGA.W3.AA1Q.06A	0.054645298092375	0.00466448490789781	0.341045547168642	0.0880177837007234	0.0420518578490513	0.469575028281311	0	0	0.766722611471774	0.737730201815442
