geneSymbol	Astro	Exc	Inh	Micro	Oligo	OPC
ABAT	51.0141573698003	53.2348765184012	136.544301546059	0.0651093288868952	14.9121157381899	97.3927219469763
ABCA2	25.5093321650965	19.688882519763	13.7598314941584	2.56927588350272	328.099703014218	17.5779160027103
ABCA8	2.29091244805797	0.430101890984411	0.585658003388538	1.72374435685854	652.813249323707	0.146903561758301
ABCC4	16.2646968203003	6.73913911273647	4.33897809002996	198.498436837332	0.484094978813626	22.0135817601683
ACACB	55.6652612823994	0.536625627202832	0.954994651590719	4.39570266159726	5.54300207802791	5.43820948107567
ACOX2	159.25720605428	0.722473647170076	0.984071482755561	0	0.0190404905382768	0
ACSBG1	182.683030820258	0.569784568228537	0.585239265957712	0.0190966504547136	8.58856346586754	0.0307121937793078
ACSS1	775.879049847757	1.20652221995534	4.56226491994143	82.5093394850172	72.4467298541967	72.7158249196178
ACSS3	90.7915674946115	1.84627577603497	0.97411037708128	0.0185862397896392	0.256694020590103	16.6494684011091
ACTN1	15.9320778250361	155.034840843542	49.440370287096	0.404403094959438	3.23353652784445	16.2116121068739
ADAM28	0.0432658394295577	3.3706176407706	0.861762523163347	1081.67312515463	0.151945815274249	0.0761438365407472
ADAMTS4	0.103505430962193	0.878553166470146	0.390285900332934	13.3042466802246	105.636412950148	1.56859906571836
ADAP2	14.8183424774413	1.24639621846431	2.70521108172542	1011.13009262231	21.0984339527237	0.0621518083573581
ADARB2	4.86782177164364	0.197312477750649	76.2965409314036	0	43.7724168963717	31.955410877582
ADCY7	3.94790138672807	12.2128202684743	7.88667184945996	338.701903315606	3.67446484860195	11.4169851169505
ADCY8	63.7208676173348	4.88157670192334	47.3481675588709	0.0190480774834925	0.128163500128773	53.4135754085734
ADHFE1	602.297985725545	33.5404078784147	44.1358067893427	16.0802261834695	121.921261347963	261.948258483939
ADIPOR2	56.1553575789647	23.8432978452149	24.1977922780429	50.3526823076562	247.128680735218	30.3711357482355
ADRA1A	34.3614086288571	0.688313492748259	28.7640885314854	0.0232818512564282	1.23141124985365	34.6690495390191
ADRB1	49.2237813495791	59.2570872018053	8.65330572514024	40.4794275267557	0.0301152878534591	4.17959691158631
AFAP1	2.82851713105909	11.2008204200656	55.1866417392123	24.9395984325176	4.01189984395453	79.9278149472575
AFAP1L2	0.00666407358254892	9.95615461972657	14.38766586386	0.015192684771868	0.0376610285178651	126.922985344405
AGT	674.974571588138	0.697036553644615	14.7990383237831	0	21.0071334854066	78.4913961064648
AHCYL1	656.903306156323	111.08684543693	104.440866571491	233.647570045833	88.2980053391049	137.247847244676
AHCYL2	130.634576939453	17.7249519343473	9.28251880501248	7.97372193017648	1.28139790096795	26.3689813246473
AIF1	3.39839862484475	0.409323149274865	1.38423444355116	1394.20360635729	1.14774193441255	0.178711081164515
AIFM3	503.774923507397	38.5319638034741	22.6601587678135	0.0770211424194067	9.79865218854383	0.0371607825680961
ALDH1A3	0.0295893732794994	14.8531432915727	7.03105158156764	59.7134158126723	21.079272523674	121.324983834542
ALDH1L1	242.115030583721	0.277680589770422	3.37237131875026	0	0.0474092155316831	32.4251334452267
ALPK1	12.2313643166314	3.41383214808756	0.380477954584556	172.361353313198	0.0207329785861237	0.0376630703508034
AMZ2	1337.62019645373	146.885082881217	119.007257236032	58.0229568353048	125.505025830067	64.4478951154448
ANGEL1	48.8827305062937	18.5825419351353	19.5291776466504	6.11004418879423	41.6536853633176	221.987047597627
ANGPTL4	242.912278826643	0.262120167365628	0.365469727402971	0.0496961327300307	1.92706481778615	0.687344854225338
ANK1	0.00448847840203631	0.82216779213156	26.0285727291915	4.91173717980896	0.300767970083573	1.51074165701266
ANKDD1A	529.542552097698	64.3182427294345	44.7339781899245	17.7805412354655	7.23330480750886	91.4755877757293
ANKRD55	1.67907443696228	7.75344148852848	94.6616002780849	0.184035395119338	0.0325859938890737	21.404910480721
ANLN	4.22714128744607	5.97202175743206	16.0028637395124	0.602940074431028	744.27622935852	2.08804115340514
AOAH	0.0109187889330027	2.84779257621203	1.09265087599593	165.000201522418	1.52942541453849	4.03537023773988
AP1S2	37.7992479889901	31.3640931899177	277.310817303607	176.683427360397	128.517399779129	32.8836699238885
APBB1IP	3.92614848455077	0.135644069250464	1.91830378584434	1346.28743091785	0.427040245805903	2.39281209289837
APLP1	32.8816053080696	308.759287062878	316.891128891375	109.39492049874	2942.08879727639	93.3161752765992
AQP4	1067.07892090821	20.5338993256296	3.72051476980802	41.3940776254799	6.52872681347184	9.08898027190038
ARHGAP1	31.4133694155625	18.3882586998428	20.6200236475238	23.3037696061407	270.435531992957	52.2894657183102
ARHGAP15	0.0081417318430836	2.16407123549207	1.79805046578173	309.010761764314	0.0427252392707645	1.25973045491471
ARHGAP25	0.0101433215004688	5.57593908270315	0.425151541557257	194.223830648046	0.008189069248133	3.66695423260082
ARHGDIB	0.100783440532304	9.93044955566282	1.19062731922866	945.187671215803	0.0929898355620767	0.126692458977946
ARHGEF26	273.77412083162	5.32632770359027	9.78117610701555	0.0179820325116605	0.327948475994451	30.6142982361811
ARL4C	40.3463440330438	43.4056059882487	382.467845500284	0.0242598365357912	6.28866645486081	27.3891543106434
ARMC8	59.5497235194311	75.3769599913785	66.4025505726939	25.49403831878	36.8634027911467	124.921744061049
ARPP19	53.1206584501508	658.808727184222	91.2740798448702	20.6320561909982	147.544549231916	71.3503026035841
ART3	3.1255562891612	82.62725637174	6.58833319785172	5.1224266899604	34.8864098862428	20.4987120033011
ARX	37.4397015083618	0.157733581265273	92.4682388826861	0	0.023974952388484	21.1555628812426
ASCL1	51.2131157395588	12.8461624719416	35.787827661822	0	2.13046021158101	224.09033002043
ASPA	103.931447090332	1.03872402219876	0.391867369082934	22.951784098129	720.682836348133	0.13995152079277
ATG4C	63.219332049193	59.4046583197712	46.1725824840402	212.915825824516	404.155664079026	72.5427894146954
ATP1A3	1.36456051811066	63.0811184516034	224.738526903322	9.11329026210552	14.202714747829	7.56488814112842
ATP1B1	12.7042565962996	553.332370329964	1596.65429922711	6.06254417749264	506.984979367578	85.5161044938694
ATP2C2	11.1294310409522	10.2050054660868	4.22313055185156	0.0504428621855596	4.5908431369961	118.150083173522
ATP8B4	0.0121482087838454	4.67806063337998	5.13671584663204	191.341692448924	0.42369208076253	0.081955565985411
B3GNT7	0.0204420217888815	0.406467216045843	0.467775055918547	0	1.34916777906023	73.6534656159252
BAMBI	22.7759635405204	3.21502799044664	1.27602615450009	0.0564702575511195	134.804287427499	401.762033226751
BDH2	381.041848025887	10.3770173502229	21.0963745301963	126.807369124782	100.834420701184	46.2706206895366
BLNK	16.4424838896063	6.18321478445725	4.02493078538745	1475.75452255724	7.42002752189101	6.88746982347673
BMPR1B	156.642310652664	2.31293199164616	0.984943233638397	0	0.25141746802294	0.146990155535072
BOK	1.66391619788581	3.80132606825707	4.88498090868818	0.0259820453744676	114.114854812749	4.71341931316883
BTBD11	2.47883893977002	0.523564798685978	74.7782236919147	1.01948709055831	0.601713963435862	11.8333896015887
BTK	1.05551174121114	1.78941304279289	0.595509168382531	81.6269818504192	0.0111392508997221	0.0101176584094935
C1orf115	2.83060785761904	90.914985276982	7.50452746143499	0.0327573095619549	15.5675529002311	2.49712456535653
C1QA	0.0777839408323743	0.234850114714148	0.187245211374815	1368.10873551889	0.455283909155081	0.256673383421166
C1QB	1.92043016633977	0.281738661179488	0.068231791179735	1985.14481403445	0.197327776567849	0.256043767599201
C1QC	0	0.110838957629888	0.119821398560609	356.23164338456	0.130261894967153	0
C21orf91	9.86430081240598	3.17619863457818	1.56643357974052	0.0358382933989067	130.3684525379	8.1441004738526
C3	2.26331261040857	0.192375717843964	0.145870724466358	1374.48100715776	1.44433671666944	0.115933145512522
CA11	38.4924630612768	281.224585406909	89.5097637200148	18.0810044002214	35.4145291263271	42.0742488315584
CA14	18.1064669315423	1.30130841059409	1.79988874257644	0.066205184643407	307.030829773724	2.60862544388258
CABP1	1.92818849043477	198.710145186526	37.9882253135805	24.2890102269722	14.8281900171946	25.0513222219058
CACHD1	179.415549420663	16.7679175768938	4.1315097634837	0.0332950492538064	0.014738364199145	19.8979808004023
CACNG4	2.94441696844438	0.662426946259442	9.25301995910816	0.0283833014630117	0	81.7089409205747
CADPS2	36.196201266768	116.683441635413	3.50880163477272	0.0159859973757192	3.18152736001111	27.6325545198115
CALB2	0.0290696960632903	1.94919606128899	265.710424796385	7.09118820281819	0.0821415489252824	1.25768210610317
CALCRL	3.50423339748485	14.1491979327223	0.630874026937322	0.0154974091082665	0.24696261844298	223.042305957334
CALY	3.32509205641468	148.969543020208	447.466864616306	0.0635682167927718	14.4465955924618	19.6288518878792
CAMK1D	17.3126122876293	102.702764153419	31.1374826006105	19.3383625642993	11.2975873100001	22.3820064217953
CAMK2A	12.0647507876767	130.6579036974	34.9927205655097	7.92098998434622	14.3556187385267	13.236998105121
CAMK2G	405.142190111688	88.850263810399	84.8632642148072	16.6276969954451	16.8758387112564	44.1305794620429
CAMK2N2	1.00478549451702	18.9676850976443	90.9883441635051	24.2670966486368	6.83182134087166	8.49626645209857
CAMKK1	10.9303212066714	72.3782037026759	16.5222964130986	5.15689041337049	0.270668413486106	3.19894863787106
CAMKK2	18.9988416281318	98.7256663414435	27.0056720496585	25.407622599309	20.6762962033892	15.7787184915999
CAPN3	68.911972936525	13.7869811115156	14.3616800410385	92.8086678173927	1128.1234066993	39.6600329277714
CARNS1	0.867851189227196	2.03449596558208	3.05779639970037	9.58708355169571	815.509972357531	2.43325753799145
CASK	14.3284734173593	22.1580582959064	28.8393600686899	3.55937780936671	10.9579868187115	112.869812145578
CASP1	0.047342997247199	4.30224273634699	0.00589943305852357	741.14791450964	0.0305773672147583	0.0277730845032215
CCDC14	113.048104426717	144.771454885997	101.703127807466	42.691652043214	56.2442179375727	239.170825795817
CCDC146	31.101849231159	46.9510816350659	34.01441764875	95.1348143195468	39.549629582267	205.049920301941
CCDC50	61.7251946470985	17.6933965767864	32.7905807818185	135.446751654218	18.2495063150739	416.731715839297
CCL2	250.918011826703	6.91173051334976	2.64643526101285	3060.62975494647	0.414264130589799	0.0836158952667083
CCP110	47.4485970814632	83.8163632670532	82.3595563268461	9.79355609529416	534.314863969736	28.5532761984019
CD14	12.7093403324326	4.58824696193957	7.92461108360267	861.74563574409	0.0954484538611294	0.017338955026236
CD22	0.466562005041288	0.713673350287255	0.126260400390617	0.236369587904413	340.998323582605	0.104538901532991
CD300A	0	0.0484600962731458	0.2764155345771	203.143749333434	0.00750456716034827	0.0272652614517913
CD37	0.823388007590878	0.269486128792795	0.373739835997591	211.320951394874	0.00910617578833596	0.0165420775369162
CD4	15.8419599784111	0.228307449171608	0.254359850988895	366.80904479528	0.124358423959578	2.08529319272246
CD74	9.28500099670066	5.3839745115696	4.05693939231883	11178.5346613964	8.43953979863435	13.1701998891191
CD86	0.0146044403272823	0.239698818902461	0.28497449464814	339.076781600765	0.00589534567965799	0.0321280637250844
CD9	110.076312247703	1.39705966980195	3.20901090369567	43.4293007186944	1547.43133182323	440.639745629528
CDC40	87.8472622324677	231.639116556967	86.9514621596778	48.1233890619059	93.4868865933748	106.996477983282
CDH13	0.359470672607383	52.3505175737147	275.93476879971	82.9588632049015	35.6193533360423	117.361379486347
CDH6	0.445755569070704	15.4051992772965	5.80944651958925	0.0338742950654593	0.423852243408935	35.4472432274705
CDK18	8.68457514808881	11.8154726269492	3.9151432097289	3.0957600898029	337.961158332805	2.36305187071845
CDKN1C	0.377238370291285	4.86087824334963	6.34239679920509	63.6417807185656	224.059073330501	25.4496648014061
CEBPD	67.7929014106389	157.328444416315	24.7686824543954	376.578344943031	10.1002775639053	121.727198206563
CERCAM	13.3080531164007	4.38160849092957	5.31823150831632	44.3339565704142	2107.4216024463	38.6568224439143
CH25H	0.0464840894596954	8.68755032807645	4.8621089438064	1532.38313784705	0.0375282817866182	0.0908973955802098
CHAD	0.0235410052464021	3.46861386784227	0.70447382820315	0.858696573478545	0	216.713271205765
CHL1	162.164662467242	228.966984954649	209.505161094131	0.0919235729182123	8.04728926135096	715.583459915469
CHN1	310.063978173771	2141.6447668633	271.568771302091	233.357214610225	223.672043947319	228.158133695507
CLDN11	1.86705944023144	3.57353230547883	9.44579913968185	3.81382619448428	989.740433168197	19.7260542679488
CLDND1	103.9614039712	232.849093985946	218.354193360795	196.509476371764	5464.35491671802	450.569021237425
CLEC14A	0.00900535291374388	4.32342888360176	1.37719789029641	0	7.56116001603238	51.8644782609786
CLEC7A	0.0378173782474083	0.229847244941894	0.101960091719931	737.833623934783	1.53877919708276	1.24236100285753
CLYBL	94.7678339121772	11.9205256701498	8.95680790177617	2.09228055729489	2.39676044307345	16.6899577127816
CNDP1	0.2622819278795	1.45006325716936	1.6594638177543	39.3759552557405	2551.57554966187	0.299179803605563
CNKSR2	58.4121920784974	165.653056106861	47.3624351521274	0.108791422285939	8.49739759992627	38.0983755679564
CNP	19.9666753334934	5.72516484422778	7.1601041698474	7.40876682145581	294.454492045357	20.0741932463088
CNTN1	90.076931159832	158.086997122454	207.751052461259	18.8103144567534	37.2306669279154	328.964866822948
CNTN2	2.66252860568216	17.0374849940823	18.3510909386417	24.1812190317771	547.449984344707	8.96562765679967
CNTNAP2	1.86838077862414	60.4974789742179	218.094445576456	40.7282328477139	31.1703514924611	10.3284872099803
COL20A1	0.00750498831581256	0.481895900650367	0.449037749186238	0.0342195866496063	1.20978986170178	195.131015285891
COL21A1	26.9358413593098	25.0622375508841	172.96209621692	0	1.96599175276882	0.0265037264302855
COL24A1	1.51421599221138	144.42843321249	13.6169942531579	0	0.0654002276302815	0.027416447784079
COL25A1	2.24754650089334	2.37008428268081	41.7320427121997	0.00928248703452803	0.504582681690239	0.492642563717399
COL9A1	6.90361657129789	8.76652030394237	32.3929119548426	0.0758953217837693	5.36524483636913	1150.58608908982
CORT	6.57375400200363	8.30953274053656	139.348322945186	0	0.014003241890593	7.42789001705575
CPNE4	5.59791179200962	53.9495197904782	4.1936709270835	0	3.30018437612572	3.75004723021215
CPNE9	6.73442718719883	145.859310719793	32.9902642705031	0.0284579725279538	0.393032236144682	0
CPT1A	55.477152829945	1.95248654696046	2.26850947703771	0.0173290715589409	0.282288207652801	33.566007124492
CREB3L1	0.184183922517298	4.8816311085207	2.85113191388604	0	0.00550734529307347	79.1257617624014
CREM	15.2403446597326	35.4135195846412	15.9402929558062	18.9130109797241	9.73107880939691	107.092678876833
CRH	0.13400643363067	31.1533657493906	586.924742034229	54.7196008079587	0.144250968764184	0.0436738532460004
CRHBP	0.0194018098668666	3.20698618567232	149.365215365775	34.9875450696687	115.786667652912	0.0284544777622738
CRISPLD2	0.0352338147829814	2.11744910670365	1.10510935068032	0.0200814199707364	0.0284455293190099	57.3899025220795
CRTAC1	3.60328410429135	21.8411361246648	110.076525858238	18.4933241440297	4.10634424415377	106.817510269068
CRYM	34.7731053494988	435.080755685952	38.2399930084903	57.0603749842197	34.6046232567841	18.227641168924
CSF1R	1.36434231276258	0.82694196169181	1.29959141824527	1171.18555982527	2.87156981951874	0.132357184787543
CSF2RA	0.0352338147829814	0.18368455633567	0.121337514259798	241.362602912275	0.00568910586380197	0
CSF3R	0.232342627952283	0.127978802682948	0.0647884166248571	674.827960039733	1.05813559397611	0.0524232468371355
CSMD2	0.05147397731906	15.126270943574	13.311158305167	0.0130388701557798	2.12401413057448	47.5447522883271
CSMD3	0.96945356844243	81.551853473013	73.8672996577096	0.0318007199379794	7.04745189925448	174.059801065577
CSPG4	0.172564939423234	0.43466871305873	0.17185212174944	0	0.0977304663527188	142.723033599591
CTSO	43.4896033294237	11.6535133180804	9.32252226871213	47.6981719788793	53.5476760590018	254.623671867641
CTSS	1.02417416031699	6.37687895893957	5.93502070255204	243.209025669835	0.0755499960583782	0.0533720646315257
CTXN1	2.16390858676667	36.402753981524	5.30769142984656	5.08742025747948	6.63314609098773	6.74382387604749
CX3CR1	1.51803113404609	0.249318689506114	0.567487711601701	1946.3490791396	0.0895602473555044	0.102753577612411
CXCL14	525.792166417216	3.93620219109625	5913.46598766642	25.5340491348817	6.91265250011008	4.61388276365481
CYBA	0.589121994827747	0.220240576939926	1.67654320763463	1153.95476380923	0.82269307166926	1.65794544906349
CYBB	0.0144073493647009	2.30726981020233	1.45093411302379	371.966868397655	0.449754145076275	0.0211296577445225
CYFIP1	27.3138682971309	34.7587967738589	43.6264690808167	629.522536226057	4.13281887091046	68.0060808947684
CYTH4	0.0111235695537831	0.310497086196933	0.0734009950613124	254.050436367186	0.0314316059836519	0.00815685146584586
DBNDD2	3.35352131886483	5.77399357467964	6.07352213569052	1.67040661535727	514.303379620137	3.60946239668903
DGKD	20.0357910174334	3.95744479227771	56.5953969155205	22.8636094285002	22.812807806014	23.3926466847419
DHRS9	0.0840617785767194	1.15469143032948	0.0560781628878903	1145.25950931564	0.060325427007244	0.0547929182456383
DIO2	204.058715830624	1.25423130745932	1.42151214050282	0.0434878159699807	0.0333671649754556	25.434589547442
DIP2B	24.0671465796446	45.1045715403631	46.6275760279262	114.435861409903	227.491234184226	48.1067816720049
DIRAS2	8.14440955584777	203.969474924138	42.371722950262	14.5166414746596	54.9406915039594	39.9744508437217
DLX1	0.0179200098686418	0.199285563628812	175.106895298479	0.0408538497768066	7.34947487184099	0.0131406432133371
DLX6	0.0113875689378596	0.0399756669016596	52.8245933698813	0	0	0
DNAH6	8.62806128516188	42.9904293982911	10.2281528055172	0.0141792490559467	3.09686303691949	1.20860042033299
DOCK11	0.922720602542274	1.63254213580199	41.6825356378996	70.3596088036633	7.14435900533468	11.8143956938855
DOCK2	0.299009115794756	0.520834002008064	0.381237583889128	197.783954182017	0.76361490966979	0.818875387004995
DOCK5	37.549668040759	0.408796812304866	0.582897012149404	10.0975662756534	165.505862275189	21.6485496386581
DOCK7	313.081466519398	55.4793261067058	67.8636348840272	21.8833586309117	12.7047875146016	54.5965780732984
DOCK8	0.107128306517315	0.155960888674286	0.0923182694422763	301.519361473425	0.55805704192375	0.022444739775928
DPY19L2	10.9625652073579	108.466720315868	107.710196635314	0.27047987780551	2.22538980641267	192.374109894465
DSEL	0.678671379027431	9.8935961729139	25.4818894902901	0.0629380825459304	56.1920237770174	134.848911114496
DYSF	1.63526192342047	10.193136074862	2.57697273068231	0.337776606076781	53.0518991104232	0.0160956837714635
ECE2	12.3694922223054	14.2760163328423	83.7746408275928	0.0223188271476685	0.912878465669627	21.0986462660996
ECHDC2	196.06425383932	22.9950742016792	27.2366230049991	32.9512077002303	4.24205981780337	71.0654226900133
EFEMP1	430.594750795908	3.68863694322859	41.4466061441936	3.46122160374735	6.958710558624	0.0506046424973857
EFNA1	14.394513726176	11.2899927643604	8.37194472995091	0	295.718144005498	25.1562021594377
ELAVL2	0.00774734824328256	73.5603365790943	170.261576732571	0.0176623229350744	3.4963849197866	3.48250646816679
ELOVL1	61.4010575988734	23.8865316729813	23.2782676941978	143.906198996564	537.591740061005	102.551220377889
EMX2	197.503148766002	0.15587166287152	0.101060384680026	0.0336169627134427	0.124999242442583	4.72523645155941
ENC1	22.7346312910284	676.660713881539	69.38227127758	72.1322361614776	77.992278059683	88.0655878301067
ENPP2	0.993240257288937	8.85395248911313	18.06731775151	29.206417205439	2123.13946061659	59.3573285933388
ENTPD3	5.86318214185089	33.2284285260344	201.779775900021	0	12.9116531200334	5.48414824840123
EPHA4	42.6714533662953	200.707714562372	56.02700486144	1.54323325047432	5.54492569769781	0.135802367361161
ERBB3	0.0999837011135339	0.667656481748775	4.57136522456492	10.4067216696273	351.609919541196	197.871264433603
ERBB4	73.4313644054175	1.21595548411478	280.715832288688	0.0389574725962905	42.9025239601534	64.0367532427108
ERC1	31.6067471106316	34.725969235145	81.580301016778	31.2750728545845	3.20477117693334	31.2213517714234
ERMN	0.384853852892695	1.28474241282041	1.33581539030996	25.4090916327059	936.307505722844	0.150512630508927
ETNPPL	1420.39957012834	0.850627118456483	1.25904234051503	0	0.895724084203036	0.125165581595641
EXOG	62.8809208479286	65.6362215004759	80.3254649393791	80.1327421412479	34.2285280452681	188.590314982159
EXTL1	2.27062719293811	42.7644385339297	8.17037821410977	0.0222169612090666	0.330440717584408	26.361914558595
EZR	306.049656046961	0.84410788082295	1.61671997698692	99.1182882542583	0.0317555863076205	1.40370472996555
F3	1159.65650905088	0.679975420089501	6.51894748829443	0.0406831274626536	3.95472500261541	79.0116399790364
FA2H	0.028672817938881	0.186787517466483	0.229533895007551	6.16638023660045	294.245712142165	44.9527699002081
FAM107B	2.1941596989011	0.594603769851375	3.48961006273758	8.23316567673539	234.08355117455	3.37618897869351
FAM110B	22.1104746876597	12.8132584579855	60.9633092515388	9.30982069008179	2.07910291399939	113.305571109201
FAM124A	13.0231812253199	9.65706879400117	3.32100032081801	2.31332008930598	116.077826426073	7.58091431996803
FAM13A	57.209631505639	100.182503768827	21.2274004366208	55.3024946478705	4.3884659667817	45.0724062217462
FAM184A	612.754041806339	77.3540758498675	68.3820639589155	0.0701908608638284	24.135672725404	109.640925694228
FAM189A2	284.922463901588	2.15682344552636	7.54296855885418	0.0309750951378078	0.13711414864238	8.2694071922454
FBLN2	3.13982005280212	1.68443804480766	0.643449203538559	0	0.18106356861708	100.930246765428
FBXW7	30.3510451849053	604.040209146441	116.988354343796	64.213746416445	23.5689387700695	89.7647544011058
FCGR1A	0.00593432233420977	0.249054013124746	0.129072643237069	134.532431300206	0.0095819848623235	1.22715273530042
FERMT1	0.207257734017538	2.02753434900579	3.40158263660209	0.0378003199449156	0.0100395985831799	230.202489462461
FEZ1	124.044450624292	137.065997938394	167.237783503188	18.7353538361462	706.080164926413	122.874702936807
FGD2	0.694867365106222	0.0428960594679228	0.129569874609832	163.826339998287	0.0499893400695601	0.0151349215937082
FGFR3	954.869853927038	0.533041088667555	0.998290350539585	3.55563970758575	1.26687451751758	99.7450136417805
FOLH1	0.015625094590916	1.19936169886567	1.20274610533434	0.0712438521903623	642.17034540547	0.435396196685154
FOXP1	15.9501763891854	58.6979768133026	7.76927787082471	9.73780760747427	22.3803065547087	3.61037885224156
FOXP2	0.0174181034059715	40.7038375643746	0.460568859193681	24.8317419793354	1.36872693516178	7.96584362290717
FRMD4B	0.171248450768258	0.297091551477082	14.6696481568817	106.104874897417	211.484141598454	34.483440041293
FSTL5	9.61819744570509	50.4442981422308	337.548892337658	0.0402708268947797	9.04147768064601	1.86524839708089
FXYD6	20.106102789539	503.547334985923	1486.23158806834	0.281954103486516	77.1537377413601	664.178751399463
FXYD7	16.7699121805786	389.698892562885	164.031791778827	15.4292900617794	58.3383895112806	8.6520169665418
GAD1	16.1731918520772	1.64841558420547	1397.93679640855	0.0501311658177807	4.40713821625868	494.495943987632
GAD2	1.39785498961599	0.753657372694136	618.523087291564	0.0330239905081852	2.24538278651658	3.16540621698098
GALR1	1.37135013447044	3.28551838751028	0.16619805762109	0	0.0123702840095586	78.6730167733156
GAP43	11.6297712714952	733.836450586165	197.143350902774	4.48831189627311	57.5965185809218	68.2987866423038
GFAP	603.431413562171	1.45761104239285	2.24458511114998	29.1774569504014	5.70468955735552	10.8210037113711
GFRA1	1.46475407982236	3.51780258299309	3.29244564145838	0	0.0265145469144585	43.8404560981953
GIMAP4	0.0425120791607501	2.20375430567091	1.11005658774668	752.330557681169	3.12325965122174	1.87043222164553
GJA1	1208.8129915058	0.982985632335561	1.06474620947383	0.307209605611013	1.98544229412174	2.13438213944922
GJB1	1.52671282406716	0.167574749567317	0.29350911080572	0.0508114425981889	345.290630302178	0.0163435035372559
GJB6	471.942198019024	0.094788050067426	0.232425430826441	0	0.0343660103016746	0.012485706849036
GLDN	0.506083193492046	7.44459650410263	5.89435411468572	22.3696554893764	266.18091561157	0.049072129719698
GLI3	117.98110453959	0.0953513636331803	0.799524924774861	0.0109831592980742	1.16099734748308	2.88271081524638
GLIS3	47.1547962864106	5.22446512951888	1.91742546008969	7.55915887624498	1.60934933330754	0.340687732467336
GLTP	15.7978750895817	12.8528499409074	13.8314014005981	41.8318257562132	194.690153237731	76.2578050753098
GLUD1	811.27816958828	60.6742427550079	57.579410976875	30.6764318181655	87.0416418099789	101.125689748184
GNPTAB	129.657148124171	137.274822665626	122.419306370453	144.778102462559	25.0470629899276	231.120631410934
GPAM	136.905821003207	10.3989566712194	15.1014828970154	4.7536773783607	8.56818044489011	18.8405635758097
GPC5	141.706652679107	5.57358940528726	3.14070906793207	0.0151501282318908	0.630396487756021	8.48396202698763
GPNMB	10.6145784710411	1.09063359198046	5.92242349617811	91.2787835664964	0.0989267762830414	2549.31797435207
GPR17	0.00821534888745161	0.237174233877422	0.269889415413025	0.0749170634999077	0.351525013723724	622.87331901975
GPR34	13.2815878703666	14.8124095462783	16.113077160674	2234.59671632757	1.37584375331339	64.2407748017976
GPR37	5.57998340320086	14.6551118601749	1.41353663476569	12.3766818214399	572.58595754274	0.08208165865631
GPRC5B	195.687757599088	2.59185419834889	15.9032806674267	6.37648096473913	876.421211048581	182.993421163305
GRASP	0.0131314217456868	21.0153697659458	0.409078153350881	0	4.12043813749387	0.333812206728962
GREM1	0.0102455334733622	2.04848523706831	2.64422129553183	9.01605649496118	88.7624179098419	0.0225389775269066
GRIK1	2.80413307813532	3.33968800831832	513.064789587415	4.18183112891692	1.32580686499486	250.804051674544
GRIK2	5.65807276704705	326.367086451871	873.739718931864	0.228980142731784	7.92298870038521	305.322196014045
GRIN2C	172.900962375508	0.143441381785449	1.16276142630353	0.0150122936034125	1.13502267658375	0.0193148205257562
GRIN3A	1.59656039590725	7.65778170873496	83.0662092110132	0.0381933009094272	0.405758903899254	0
GRIP1	1.23175766128691	21.8553433942255	76.0414367874668	18.5253952195684	1.4070617571396	11.734044505525
GRIP2	0.00243268676751586	0.794908270148701	87.9172539228326	0.0110920273462607	0.00392799151585279	0.00713550251279077
HAPLN1	3.87745695193205	0.445448245282234	100.224680694192	0.0780555013174023	0.0103655987777029	69.4635656017818
HAPLN2	4.4401918442854	11.123617990275	7.82726984074797	3.78812155712568	722.639229036928	38.0968551299411
HAVCR2	3.88372335689347	6.16194851719715	3.97553811138053	689.375611596693	13.0881041011133	0.773188957466229
HCK	0.0280328557004202	1.39607695593523	0.841540571302301	470.540731753273	0.0226319353619081	0.0137042244102329
HCLS1	0.0104767869276186	4.7600579045396	0.748892211271164	503.827416201775	1.00653626168355	1.58260929149675
HECW1	4.05879516243336	38.1528226363491	8.45178382860342	0	0.641470621111457	23.6247803485204
HHIP	2.60294475500987	7.839768898029	7.08206282132119	8.24059421097888	181.56095126209	8.88726436839616
HIF3A	247.275087108915	0.473668687703184	3.42132534192914	0.0304376188895201	0.609002018667237	51.5750998378145
HIPK2	23.1834373569023	4.07402805359051	12.706978889204	15.7475973745843	111.476337144742	33.2114591235865
HLA-A	185.379337446278	26.293092427137	274.099213413158	361.378801755691	65.4209035080039	408.619565292446
HLA-DMA	19.1442084750781	7.77172798270477	13.4508914020942	2018.15822276086	7.45135964541015	22.6343831572701
HLA-DMB	0.0458518792236652	0.966569420152121	0.671783687150988	1342.40805208392	0.0616964594392268	0.0672458542105561
HLA-DPA1	6.81334883079801	8.35867613761878	31.6641132265077	2001.40528988507	16.395459757906	0.193514427275958
HLA-DRA	14.5625210196554	3.65070459672849	1.49755725510998	5816.48840981443	2.54529707423709	0.587140364575918
HLA-DRB1	15.1233839735543	9.77066258548992	4.77989808328444	2639.93693288604	2.19547129739901	5.40342817029604
HLA-DRB5	1.97790918339816	1.09621166951245	0.56015497643764	494.609307824835	0.209421300134487	2.52034942627374
HLA-E	29.6373031734066	0.678503645272142	0.527458514310256	647.836807384356	0.608704407260735	1.28220986203406
HMGN1	389.884179562665	283.141568658207	370.713534308152	402.744116456882	394.786093471919	1135.57655834199
HOMER1	5.79347851517381	257.59910681071	71.6091504079735	3.47695442921893	9.97820615844866	84.5453076610121
HOPX	97.4140918169	228.322049282842	32.0113396989124	99.6419882165065	11.0855661695362	14.080020206576
HPGDS	0	0.908139052748413	0.201439155425562	855.154250725197	0.074715749455876	0.0193895682832088
HRASLS	3.16443021446291	24.9239792318556	20.7933384058408	0.0499254994964769	5.44543708342005	255.491369583668
HRH2	0.0327402680892106	114.926519120052	47.8475473555609	30.2812464302676	0.0670976286059871	0.469084383430945
HRH3	0.503089064302529	4.070582102491	38.8410823015692	0	0.00597296977384614	0
HSD11B1	0.0954417894696087	2.88681717042672	3.22038975100822	0.124335535144483	733.109952173378	0.079985064565472
HSPA2	38.255756749953	0.795827344176547	4.26733467017037	0.175730548769188	495.545561300249	9.41685532980485
HTR1F	0.257456090335451	61.8796490496471	17.2410101231183	0	0.0138569057615112	0.0062930371337183
HTR2A	1.74203438823376	152.121731873775	34.0909774977438	21.5926409205959	23.2975784810067	2.80227717798331
ICA1	1.09736052911057	454.263895741225	340.667984746766	63.9471957198372	1.8042898515465	362.620048082053
ID4	572.573488487387	6.55979224553126	3.93205736783291	0.100469271432539	0.0400262943513622	0.0161579735693407
IFI16	23.6762969965536	8.12242656272835	10.5563745442988	676.417694516343	62.616677439907	66.3860038880504
IFITM3	965.972270409024	3.79243415821935	4.58769235166353	314.945447010747	1.34187952080934	62.0188983899353
IFNGR1	85.4820213144158	115.514948879904	145.298490208845	2865.27336580754	145.713768799563	130.624464917892
IGF1	0.0193910419602806	0.79586178118938	95.3253134095011	78.5321557821323	0.0504441707620867	1.01431312225426
IGFBP7	545.076103729751	2.54706756376063	14.184776919725	1.33058848316351	6.0077735476081	128.82314331652
IGSF6	1.32936778189812	6.37585826430549	3.16015224487425	2214.16720985295	4.73879631247206	7.70856059749736
IKZF1	0.0023734650687513	0.096936840346882	0.0891308852989363	76.3925074304113	0.036407494950987	0.00696179474819526
IL10RA	0.0169189316628263	3.47170233244139	3.87667235014253	252.20684975431	0.0409777910475118	0.0496262326107485
IL18	6.12398693415501	1.69819704120073	1.5086234272989	1402.05805882617	0.11806842991315	0.160860373856416
IL1RAP	0.445138109978246	21.1920888434358	19.455561740628	102.939645922066	1.07571622809916	297.521693626437
IL33	172.463906377729	8.76023424221441	0.160249610202545	0.0335937626011491	0.0832753177165216	0.64832614445926
INPP5D	10.772133102506	2.76464337218902	0.197700842913882	488.730958585566	0.0874531662378127	0.0470712555841898
INTU	568.405425780702	98.1469668103173	135.172041858296	106.697956925257	72.5103713037289	71.885046959758
IPO13	36.1780120780882	36.705444122198	37.9785382045465	40.1619418206635	242.974157773422	53.4959227741257
IRF8	0.00802092102121966	0.945996720661253	0.345278614018772	461.758356669012	0.220169679221968	0.0235267864593406
ITGA2	0.261834905255779	1.10436673892488	1.04747007031716	0.0738468197356233	101.970015928403	1.71812165681212
ITGA6	134.739832466981	6.60633273609492	12.9660095471883	35.0879160230575	4.25164212901369	0.0215587970928621
ITGA7	230.344036894439	8.83093146982219	15.7782395091978	0.543375203822121	3.75226961818872	12.5256611109529
ITGAM	0.0223437544563486	0.26855884442495	0.215147804614427	313.988341799787	0.0108233512561657	0.0786458420528647
ITGAX	0.0674263950268002	0.117289171938491	1.04032465532865	500.731213155144	0.812907354079931	0.857018918117831
ITGB2	0.00637363933089156	0.139756765969686	0.11696726679019	394.010551712778	0.838744028380046	0.0186950165835118
ITPKA	10.2446048141705	64.0573065282161	0.893633332756649	0.0479579921271576	5.89318502094584	4.87451836337576
ITPR1	8.46111542316711	126.292149944258	54.2574229822445	19.8017572648132	5.05208417507321	0.885707767523217
KALRN	22.5006531170937	139.401768729589	51.1427610037738	4.01873024177611	5.13663166466337	7.21844459657395
KCNA3	2.09946875003169	29.9146342875004	96.9089893510623	4.63542590275672	0.156518131205873	12.7531230113179
KCNAB1	21.2465685496102	51.3606422457142	161.357465485223	29.5756692586077	36.7454617195424	156.342360146741
KCNAB3	10.4543869876139	16.2392744369376	137.644829417453	0.0348192861295172	6.29470263713651	85.2291497267093
KCNC2	2.86642360270354	123.56125085485	325.977117397054	8.35690386192949	4.98028448952647	14.2408929699994
KCNH3	3.88829390370878	147.490276777542	38.0845032038106	0.237972925979296	0.716318364811634	12.2546953303811
KCNH8	0.0394452092342264	1.83804808760855	4.0649415183243	8.14736559767465	498.841275772413	146.828840133519
KCNIP1	37.0277945244685	13.3878135326313	158.751935682906	29.2925718284639	7.68392902115869	77.3462652672412
KCNJ16	26.7561952423016	1.28773325163176	2.13579775843056	0.0418729995776903	0.0593135166187354	157.122970452018
KCNN3	87.8730914804776	13.3506293187713	6.24408215391166	0	1.743723626006	5.78638798016749
KCNV1	0.0186342037164975	80.0966727442459	1.46885156915312	0.0424820613897295	4.14213247238001	1.31177832725616
KCTD12	3.22483463788592	9.91755950807431	23.4318349174141	421.683160068909	2.16960441756392	0.0251035375800724
KHDRBS2	0.516924239820652	246.602797490688	111.488294781718	0.0744302171392431	12.3618007184603	38.7277225862987
KIAA1211	21.0959509713608	5.24208154716499	38.1344431641342	0	0.00430143250588147	37.5222861227672
KIAA1211L	0.0284436391098846	73.0189664726852	5.82620097541921	23.1930770140883	3.16514617330675	0.507534003718674
KIF13B	20.9123860128129	10.1918415808795	17.2516033133791	34.3131041155256	124.752320300986	15.5327721928288
KIT	0.0206137205623544	0.590790640820054	456.436008890364	0.0563939316575381	21.2287903290146	42.8445813053738
KLHL5	43.4876731741752	41.6768158966365	139.233807324392	164.009767143188	35.9668451617779	80.0037565337551
KLK6	0.249581434932633	1.16841394063324	0.798009517375797	20.7682491330318	1368.6319881754	0.164715005842455
KLKB1	122.448691796478	3.64535176481644	5.35822359709906	0	10.3643925694192	2.64833868438315
KLRC2	0	0.626246111135455	0.0762674453962281	0	16.8850425534109	361.023201185266
LAMA1	101.725888946924	0.20887713208278	0.0947683908646363	0	0.0230146739216555	8.54811729303503
LAMB2	67.3637051967133	1.46090688224508	0.627180429806468	1.17335239002567	3.74855067822402	1.81156255736922
LAMP2	88.7682711263035	68.0389263872675	83.2529589358596	102.508675641161	832.153538107095	169.22584437662
LAPTM4B	21.8764205550537	46.6179164446935	185.409124578494	0.13050231101626	76.2076321053904	111.83825877999
LAPTM5	0.51472828346352	1.01633897935531	3.73775173578238	1003.84020564587	3.40142496390867	7.05966390740091
LARP6	2.31096779759424	41.0571414331012	43.0731358503982	15.4668695676272	322.617626200746	10.2645541380828
LAT2	1.97775594738346	3.00384264525703	2.05983890940377	359.053055877829	0.769029455782139	0.0473559966387634
LCAT	369.964579280545	4.83140843480872	5.67088449051408	73.4834032101395	21.8212084011717	105.852937416602
LCN12	106.971195674783	3.04592598215565	1.16841494762047	0.0323330202650714	0.721350659808142	0.14559885050925
LCNL1	92.7100690079827	4.97727714195881	6.19446897542642	0	10.5906609943012	5.96947356867309
LDB2	6.80918093049427	327.07941576703	45.3000920617396	15.5088679680219	44.0353722667425	40.462742046879
LDB3	2.51864745355099	5.04640372625941	1.87047782094946	0.0431728266155787	279.150977759266	0.0509173215892395
LGI2	0.276365737699311	1.16846571425003	55.3062416611777	0.0148248399601233	3.31530110234888	8.40193957571914
LHFPL3	0.0330931366374562	3.09157062048586	22.8242134206226	0.0301781537563949	1.20227771935741	821.719866465133
LHPP	35.1252126403792	49.3254895543219	27.4365945632596	34.802621794992	242.441964549669	21.4604493787183
LHX6	0.434492625236291	0.227842148181025	61.0756239573079	0	0.00876953913887738	0
LILRB1	0.644731433141378	0.0766663711361723	0.021968046904646	251.528411759038	0.792971974434393	0.229001824982036
LILRB4	0.273200780374338	0.059046720869121	0.00743961476991469	358.564347712443	0.0254497895186811	0.0231157623848786
LMO4	39.1111108948199	226.260409719735	35.1429592121138	37.5394716112106	22.0005422361375	54.3355797555887
LMO7	8.39730274014039	117.248539798954	36.3704679844264	2.43386810045325	13.0923252191463	12.8006304276965
LPAR6	30.8577933219645	7.57118333690179	8.13178603220698	4539.53341490609	11.6365158836924	31.4861588203919
LPL	6.68985485040391	10.6042725910556	1.0609139244703	0	0.294430586898446	48.0701912931686
LRP2	0.0605473646185584	0.247163615059856	0.669737515423313	0.0184046992283313	58.5270467296259	0.726171039263764
LRP8	52.198944962849	55.9014114790835	152.38009226844	20.0321861624528	3.90833905967312	54.7079427297391
LRRC39	19.7480018623269	30.42229073541	175.781632002971	0.796836932262017	22.3670607211976	13.5538870230461
LRRC4C	27.5913861888231	60.1067463507091	81.1550849354987	0.168228329773146	15.859021593313	356.356841075156
LRRN1	33.0341075430382	18.7305565450162	27.5370086543496	0.110023097857105	0.114103587578321	287.550271500153
LST1	5.349864601679	0.38542100964487	0.09334170090919	1210.83576773779	0.0385637377344966	2.80216132236083
LTC4S	12.2604167068972	5.10637060638955	4.61088897286989	1067.98278206995	8.47685303100592	7.74637962259082
LY6H	11.0172514950878	200.366788332437	421.045341784565	0.252432300824883	18.385203636018	218.089406292261
LY86	0.170036225607972	2.26162574767743	2.21376393309295	1212.89144792098	0.0588327329942661	0.142498988748042
LYVE1	37.6216808784536	2.36654456428463	0.728532787263193	747.52851290081	3.1786854974938	1.64086160553483
MACF1	677.361860535201	73.2076283950004	67.167359742134	115.888744162751	118.390854190945	154.671690825327
MAFB	0	0.554250432697997	75.8379509178215	25.7087629591054	3.47503262152869	0
MAG	0.404611608530345	0.683025505824054	0.947740543758272	5.64987936465263	949.926940882889	9.38311960443472
MAL	110.795937884848	3.14363839815113	3.45690173723951	40.5002501852027	2120.97026770076	19.3888861523985
MAL2	3.22775751920346	307.825614117923	53.8879609505571	86.7141083341045	40.2933446360315	0.255580381078706
MAP3K1	13.9014754887574	3.37715894635897	13.093760631619	30.84689429711	7.15790791973791	115.088544003801
MAP7	52.4141413820589	98.3079283228188	101.967890406612	5.71730150947778	470.882646838142	12.2219210609183
MATN2	9.6100676950211	16.5766642296476	24.615359481389	0.047065372984351	139.912316650972	278.398486621252
MBP	13.4437564885541	28.2799548734578	23.549242885731	58.3447796793212	3139.13043052574	129.689297322181
MEGF11	2.62824781500781	2.19292157620592	20.5332213447517	0.0294078610536566	0.606623145867022	230.351277907024
MEIS3	0.249194239139754	95.3698581378619	26.7568845145356	0.027712702538608	3.90590397118893	22.0348948664073
METAP1D	28.7407101074861	17.5752452709262	55.3453569009909	1.41921004748344	22.4495398695298	64.6428113426931
MFGE8	107.892908284176	4.19481394163706	0.362985348972106	0.102767125986766	18.3782941678323	13.7509017122354
MGST1	203.107561617983	11.5983548148517	1.16796652436044	9.97256153184193	6.92405747868454	0.0428960996950442
MICAL2	0.480635097083626	173.966475155452	76.7754520559656	0.0595514582934487	15.2619695599577	1.93079679469056
MKNK1	143.530816820939	123.882858812227	111.534095433823	1127.63368529032	26.6654056314098	83.941208960246
MLC1	96.8703849617785	0.115249273896914	0.176742717769136	0.629750251195379	0.247790954968663	1.90555697303668
MLIP	0.251700404476769	137.827282589326	1.52879213345035	0.0122090198166704	1.36624155567422	1.46085588577705
MMP17	1.53167507821211	79.4250105338094	29.7104614888528	0	6.38802897526138	78.9944792873402
MOBP	4.76318186280833	10.203850061129	2.95862678155937	0.232693968174451	1005.81694523548	0.452640268919594
MOG	0.89671456789941	1.22360221101745	1.41214752532327	18.6403390233126	2509.11382476766	44.9830289897317
MOSPD2	35.6562481635839	46.5590445729745	39.338816905673	12.0436422938595	267.629848009654	59.9955999405239
MPZL1	36.3618032102613	18.1028649988325	22.6031655375094	41.33203552626	5.68750473819958	156.452007618893
MRVI1	291.41360254687	1.17233409377852	1.69915971788421	12.2806844006671	1.12472266143456	0.183178634815946
MS4A7	0.0496715993052201	0.219729051082581	0.030144161939116	656.214194927123	0.0114576209819342	0.0728478130414343
MT1E	873.858271426935	2.39245564385999	6.91117191430315	0.114805099077984	23.2143696418389	306.863926391565
MT1F	1746.72752888838	5.4326345785345	8.68853355316924	0.806250302427578	7.88736223515055	108.789127040264
MT1G	1357.7567149335	3.76083958586301	14.6260783697109	313.458173134917	23.1542394504248	11.3658776747536
MT1M	881.436657048075	3.77950064764143	6.13762266826146	0	18.7267263335885	102.05567064265
MTMR6	31.6149965503265	56.9034234681712	157.990182323261	31.8790922566088	101.942210520648	70.0096490269869
MYBPC1	102.706351574562	21.1180637018423	5.67639321775974	7.53527012990736	3.22009601780996	0.0310733344355071
MYO1F	2.42449568834564	1.16124190947659	0.446809634325029	145.273656874079	1.31848654594232	0.473112789837693
MYO5C	1.29793796496034	29.9987515431664	2.23289523730059	0.0279153330517936	0.0864988784023224	20.5169431100555
MYOF	0.00873398899310884	1.2193215815208	0.110648556635562	157.182613457687	0.02585463572955	0.256183415140842
MYRF	0.893808310770542	1.28020532864138	1.90282297401481	0.0649464469767378	583.834877757934	16.3151122876154
MYT1	0.0231454653208528	2.28837772853512	10.4157768111044	0	0.713188777907186	186.227274972555
NAALAD2	2.07762852433398	79.1640650339371	79.8900997665606	0.0843303672919317	57.1823474289172	138.810003317411
NCAN	433.467634104911	29.7980286408352	31.3419865225299	6.76854355605393	4.1811868486282	101.049770326514
NCKAP1L	0.0108246853021479	0.917947575057262	0.315144872687771	423.894067036608	0.489392893774357	0.0238130439371728
NDFIP2	16.3610451975749	197.938803389088	53.8597881291082	14.0728303850609	94.1391320982946	71.984778729893
NEK1	559.873750017715	90.821870150841	114.574767656461	26.3908091400008	89.7714342392993	171.972330416132
NELL2	21.7369275141653	372.654404364662	105.472230272837	0.417171798904933	21.34727273418	29.8451983845777
NENF	181.320636334715	324.576152190886	313.500566167202	27.9035668418666	1760.67275561257	304.694295833876
NEU4	7.3296852305253	0.595402837799577	0.714535809998788	0.0354403800575646	0.0313760297912631	93.7144703250308
NEUROD6	2.13418112902968	325.406261966429	2.78533228047928	0.0450507746497594	20.7159009822906	0.17388701218352
NFATC2	4.15335748204794	0.480285723355171	0.365337848693338	103.520441648833	0.467882131910168	0.0118047823991137
NFATC4	77.6550070218013	0.121688017721026	0.057897041592244	0	0.386914562820084	0.0147453238631529
NGEF	6.03868273713516	149.061558809154	22.6761975638659	0.081061385527169	5.16709132076202	7.59605038230145
NHS	45.7741789725338	5.74173416878833	34.5092181259083	11.5439223189556	0.963926668674435	2.24234906743399
NINJ2	0.117236468131705	1.4876622626352	0.95953853548999	10.2900669174962	490.058212473	21.7286262580189
NIPAL2	1.30679441260448	98.9461384374441	21.8070820737558	46.6431272600199	0.459815995571665	14.7753797337263
NIT2	225.091516815078	428.339385862831	253.367328563133	728.590192651812	193.320472381887	922.818966506397
NKX6-2	0.0419071477104745	0.184440922092522	0.200574934555985	8.31193423903563	101.787036748738	0.153651387523956
NLGN1	1.11555108424905	40.7599751196536	49.4657157403374	0.862789186475596	33.6215427919482	133.172276480811
NLGN3	15.2988446070616	9.74129576318825	14.0070333452282	32.2569625307447	38.4107402967456	151.465195499295
NLGN4Y	6.31342055285664	18.519360871412	23.789409902858	0.0118609556552303	11.0950664258956	78.1175185513742
NPC1	42.1681828000721	14.9218035965573	12.9627433174044	66.5428529205715	174.024111805755	40.26636505556
NPTX2	5.40678667087372	147.827177433181	25.4835393953581	0	14.0737742534514	0.0461690420602761
NR2F2	6.19932916195671	2.01727002813333	59.4666473064146	0.0796683502603355	0.736352797098283	2.88541211352966
NRGN	5.29409762813054	153.833003620851	5.80762373699293	18.5437569558343	30.357545316832	10.9008216564943
NRIP3	1.09869561162074	22.3334685943811	195.486774956896	0.0255591294350565	5.53027690146101	9.04320505516422
NRN1	0.0154666365508778	55.2997544851637	0.779682406032325	46.1209630625549	7.31100586328565	6.05641346726626
NSG1	21.0244919204201	59.9989438263709	177.320832061543	0.416342369286372	6.43199441674412	0.36827050664776
NTNG1	9.66233412512798	56.8415954506147	69.787954272357	1.6393595797272	5.44201220060844	309.425515212731
NUAK1	9.92301171007227	92.3659117496028	28.892410699399	33.9264299942963	39.8664864909064	2.54791889626846
NUPL2	151.226762023496	148.138194869656	142.611121746544	102.121869084606	103.923556198308	678.290433273603
NXPE3	5.4623349290462	17.6144654442582	17.1678259084813	18.937553186339	100.874520808606	42.1476805028613
NXPH1	0.0280850927438168	0.354635984454985	342.527630759191	0	0.0623537975799144	384.728502488838
NXPH2	0.00834050459315888	17.0115667394597	208.485952765893	0	5.37340493450052	0
OAF	496.283494960015	1.92501898866345	1.76536257028934	0.052285029010811	53.4822087340534	9.13189310317861
OLFM1	145.363203683913	1113.26291921698	454.475443257544	40.6339172361015	121.001304841421	282.314754806205
OLFM3	0.0185223958000319	242.870644681817	74.7074468672331	5.65843982582061	13.084573343227	6.72327287998448
OLIG2	20.0934254562405	0.266963130631173	1.67175640327023	0	139.057723992757	685.243424691236
OLR1	0.0316908226471046	16.7559237098014	0.38637455732642	880.563544588474	0.0511702879920444	0.0348580550397576
OPALIN	0.239547775899253	1.31507712076299	0.798717932003473	20.995222207849	1424.89979478826	0.929041181876961
OPCML	0.0681594601589445	130.353707323699	109.206096162328	0.202681590599854	10.244701799537	192.235432546342
OTX1	51.8232779426721	0.542946765244614	0.213722206433829	0	0.00562047302488424	0.010210026989691
P2RY12	31.3775486892858	22.27483778133	7.22654718123218	5568.66585485688	0.143769731170308	44.5554167124388
P2RY13	42.1404822896822	27.3541472830557	7.36811279087938	2027.2213911742	1.65594277504771	19.1797772157603
PAK1	12.1919134904053	270.99968223734	87.1463173883082	127.494679673058	58.9830519702795	108.376995879529
PALD1	4.5174328321115	1.87436572984824	0.989788533144249	232.742417074937	0.774087977304216	10.6214671561195
PAM	18.3778972385972	103.085347633093	295.775521967859	0.0174283430036037	14.8494829166387	103.264949572531
PAMR1	254.043560216782	5.51571099432914	2.49791057022867	0.0789789540439129	0.013984308356398	6.66420720275821
PAPLN	333.828933351464	1.26987817014435	1.02265754025119	0.197607694218126	1.555851128796	0.330514738381031
PARVG	0.981023675389931	6.21667230461864	2.77147972679462	102.772622050097	0.669189813571635	0.0346225276408404
PAX6	170.821946870005	2.58120422287671	5.20849857150092	0.0767176706210639	0.891444558002658	10.0123857284656
PCDH15	0.0239945163444224	3.42378507896886	20.2330546599065	0.0156292701907417	4.28251576696543	563.705021549756
PCDH17	42.2243666897962	75.3556072320256	100.627300339132	8.89316794853743	63.1475812686541	146.606310643968
PCED1B	9.75975691043298	2.68558525822582	0.354654059569337	133.798536285955	0.0239350052309358	0.00869596022698758
PCMTD2	108.963490354404	140.950109580717	104.592220437787	155.563491778459	173.067312213001	538.384100627289
PCOLCE2	0	5.73441477573182	2.26863715409155	0	0.0339664842705812	69.7858261895948
PCP4L1	1.19953324485881	13.4588387017948	304.306946455152	0	11.4032214205164	27.0040587153268
PCSK1	5.24934783076281	83.2022564972847	4.79624582779049	21.9665532163738	24.6750182545749	0.812268696876595
PCSK6	0.832496900449286	5.11089082640734	5.55972908247724	0.199780806982745	158.099722109365	6.41112172885001
PDE1A	1.22434504527106	210.294129944177	39.4944709512834	0.0432751773676678	73.7997488859006	8.76462210645653
PDE1C	0.149342947923682	20.2487850230914	26.90710546034	0.42972002316844	167.066635902667	33.1492820621087
PDE6B	6.45916378654031	9.53602806992401	4.76700699097514	3.20438247587672	77.8110943527304	3.63093631630669
PDE8A	59.7975062704236	24.5194499339608	42.2121379727245	59.6937369805846	416.67701667641	70.1094015440731
PDGFB	0.0995416865197517	7.82241599970463	3.2486331702035	115.509451107758	0.331499822448461	0.0273725111690404
PDGFRA	0.0742306068644373	0.538436506246318	22.930192227388	0.98830410976547	0.151021195708686	1157.19097910666
PDP1	21.1953364882329	248.85661749998	77.6318632126394	0.0419361292346026	39.2839070232635	55.054367676453
PHYHD1	375.128342102192	2.10918625392149	1.78719418238539	0.182226905040955	1.50842502269014	4.39599711427921
PHYHIP	12.7585476075585	94.5744196678709	24.1873131234717	0.0583486508948936	10.858332811779	9.4871466760364
PI16	17.9544387782903	2.55630246532608	0.498932011643838	0.0394148680235344	207.784088710695	0.0507111785868539
PIK3R1	82.4124748893328	291.123502090081	75.9833470715014	126.116604887803	58.7665911341729	100.00812419471
PIP4K2A	37.7628676631916	19.3662022669523	13.5518106716587	54.2018932380364	562.034379165377	27.7782005977353
PIP5K1B	4.07769150876363	16.5650767898068	116.229964769438	97.2083259368998	0.0259217906275488	29.3913539226307
PKDCC	6.50539349059052	57.0957519510303	8.36897442162848	16.9329487996348	2.24693522196974	21.0597380933854
PLA2G16	36.6857590145816	10.081160581987	10.0220750688013	39.7793495988058	706.864932098738	28.8331219970577
PLA2G4A	0.0133198326628114	13.1484732162176	2.0392790700086	184.53669926955	0.032260743794111	0.0195347178898205
PLA2G5	224.272164616695	0.474076421214449	0.280881222040962	0	0.0233103323425557	0.0211725170908602
PLAT	2.52344292764971	3.45753151713082	10.9515361060398	40.9300982792895	1.22779259798749	248.796026321402
PLCB2	0.00904988348056799	4.04671374915332	2.47207749160743	238.063798150013	0.250849540694258	0.0309690688671483
PLD1	0.410261384452415	4.44390906421883	2.65216939623518	34.895300202599	97.7826122220821	2.79606450343396
PLD4	0.0325483106074493	0.371770427877079	0.218002487240754	245.612908917691	0.0131387124750914	0.107403725227302
PLD5	3.88168412173627	2.57853335103797	62.9831661392062	0	27.847493617286	94.441204792765
PLEK	6.82026339129783	2.43514246475538	0.724697361461585	443.865174056012	0.628594333731163	0.043918867850466
PLEKHH1	30.0604115557531	17.5984551979844	26.8614394606413	19.4139970788613	830.091068298144	143.328232647234
PLIN5	223.169770861431	0.654878431505583	3.31614814528015	0	0.317653392518181	6.39875603436272
PLLP	0.541993511571474	1.76813380285434	2.60619376392344	1.04053145243158	1980.67622972957	1215.16483843934
PLP1	57.84973985815	28.0003885959757	21.3989121366769	231.886783270683	25582.454987394	376.885400021281
PLSCR4	182.799056207416	2.18040882576268	0.938348219964473	0.0258509622990255	0.0183090714469676	46.4640163887446
PNOC	0	0.191737782362634	324.367011200934	0	3.87331371492412	0.0211296577445225
PODXL2	7.95493088150049	33.1711967796912	132.328155923659	0.0440718533355048	21.0383083334969	113.958566852592
PON2	2779.13818088016	1.83706615015732	14.4129925070691	40.658585436806	940.060428057495	1539.17052911984
POU6F2	13.6166499318339	40.1666925706672	6.23619041542755	0.0308426180954	0.0191138817315444	24.6277155931733
PPFIBP1	1.51797453122219	145.591123767701	66.1620273658245	0.141572550680751	79.0541108335503	113.781332631729
PPP1R14A	3.48991615614906	3.42959569525994	5.27801851711448	56.6336361083588	1703.85447737573	50.2557895925299
PPP1R3C	339.743339403111	3.58682367523436	12.4035866658308	0.151348191244664	2.9076129005118	37.7644057785531
PPP3CA	76.5254495681093	381.177852713477	112.967462681923	189.56688669484	38.4684417572677	128.303646933676
PRDM16	61.2510995669904	0.504635990779562	0.237251633306134	0.0196994585224869	2.58116413755904	1.26726640135096
PRDX6	818.396281114213	87.8679110145565	90.8754143856672	157.866223138381	74.8046222100406	81.5668051386903
PRKCB	6.16252346361116	416.286947857349	198.13264698644	61.3478108674266	74.6972429968456	47.2330270492884
PRKCD	1.73347611602974	20.2453304073711	25.4735576712764	434.525209352521	1.30394974177314	3.82876012113412
PRODH	1171.92630833951	1.95484915219641	4.55854682741718	0.629674822970299	12.4747802390882	38.447883593358
PRRG1	9.93631748773964	8.57506305893486	5.66337826496715	1.43826742640048	162.779037240909	9.97714552542663
PRRX1	13.900763167235	0.944141887985313	2.49860324536164	0.0227092894840518	0.0965037971578445	271.834895173847
PSEN1	34.0203839637592	30.9414464011415	27.0272590970671	161.36980856208	226.362938230879	30.3997661116614
PTCHD4	1.08583927722257	14.9830255645045	73.6672310884015	14.0205727248987	0.0355736837768985	0.0323111835851527
PTK2B	15.9096808986321	95.1246448284783	13.5133213088993	20.0001924662024	12.841063833367	1.89352863948323
PTPRC	1.20923820638679	0.934078581059645	1.30119648822299	465.690598681114	0.801929182136649	2.37727454337463
PTPRM	37.9284969375838	15.5441071267422	153.656559456016	55.5339620438732	7.98750463277797	51.371746081126
PXDN	1.9761090893908	36.1351666203015	25.8024796959829	0.0276811839687603	4.43325636879184	259.786378351456
PXK	94.8478497120822	98.4979676129016	153.660106402897	64.4445257267511	1612.0741589891	247.42555315865
PYGM	136.849227929947	0.0938971608201759	0.520075158526231	0.0269233196952793	1.54932162593446	0.0346395495325025
QDPR	60.9679280702102	182.773663600601	214.873769046522	156.309399603217	3909.84327067647	62.8556315277401
R3HDM1	60.1726168425974	1059.75875641673	228.497882596522	66.1878646409463	47.052181482623	96.3252319110941
RAB3C	6.12646665617136	50.7693399942177	195.455144641654	9.06992468747729	15.9610337199673	34.1470807674862
RANBP3L	526.231873246101	4.1325901790598	2.27294318688431	0.0275558233846957	0.234198572553456	6.28410255283443
RASGRP3	4.38738564515678	6.18798682078893	3.22181549079837	62.0969919599284	175.736057599781	1.32344518369485
RBBP7	156.213299177724	196.329350917398	177.774670676525	291.605852443477	150.26604741069	493.237832095684
RBMS3	28.468922344649	0.847222247690092	31.3458221661216	3.27528621284914	0.774393116231805	21.5107003355463
RELN	0.531439566713696	0.618627850192587	389.934866637254	0.0336547313173036	10.3582879444452	0.0162375694982537
RFTN1	5.43379759904823	61.3529740456254	9.11244518033532	1.55156782523202	5.24596582167618	5.21242411523338
RFX4	236.434497635443	3.89188490322273	3.45242181713083	0.0889693616798081	1.0909123697847	48.8134485720994
RGS12	28.86767085391	28.5333486059103	125.005891348742	27.0364388748455	5.15541682763056	45.1810676711418
RGS20	306.569109130147	7.74209968060773	5.13822662846712	0	0.017686037038974	15.2715396239901
RGS4	19.1832444305761	474.491827811717	181.475058555254	0.122366420334502	57.732969078181	9.06835193553152
RHBDF2	1.6739845642676	0.598429354438687	0.329851136663145	308.655443338081	0.0391293661559559	0.83110725024657
RHOG	4.178965473184	3.71628331686378	4.9532219135926	209.046141189339	368.170503877473	19.5491753021795
RHOJ	380.494719825678	8.83232617309702	1.38685952530509	0	1.41324056920459	41.6153903911189
RIMKLB	224.608815222412	29.3122321158	46.0723781348139	31.4886199346474	3.84487331160302	99.5269704446711
RLBP1	337.750150938138	0.432529153661982	0.825366566948984	0	2.34362665172865	33.3588157047069
RNASE1	1.18865088140029	72.5185600700844	17.1907046569476	316.151938821762	7832.00113507157	14.3012058560622
RND3	12.6345422197529	4.51753263759224	149.402196448336	0	0.159667887406598	1.57295886769181
RNF130	52.6768711146877	31.6337971614507	37.3854738300409	192.828003945449	656.02179172637	149.733668852047
RNF220	24.357614790645	19.4449163439639	19.4397054598771	25.6124362101583	177.722250135578	18.1903909066526
ROBO1	14.459160816381	11.2627188928016	82.728391555984	0.0238264131224009	60.6725805727391	89.2943835256166
ROBO2	2.16423171603544	33.9066512327214	139.446304156668	0.0093980812837272	1.2613569844221	0.882684874118701
ROBO3	107.13311980145	12.6521884772594	1.64125817785526	42.3984639041063	14.306534805209	8.82665124021789
RPL13	73.5427080923925	69.540433131309	81.2823100378742	91.0717805510268	85.0264076972061	1030.79618018988
RPP25	0.658946338024451	3.08907298007447	43.6741502768119	1.75263540881331	21.8559694340902	0.0134222686572577
RXFP1	0.990902698593357	189.856045803251	10.3571971335264	0.0562418971797401	9.02563005899153	1.75475032894632
RYR2	1.16825172324213	137.292791623251	48.5556327936775	0.0350827834299568	10.1750734691424	1.73027150481632
RYR3	369.680710199594	29.1556826741002	34.1093828436079	0.927304820963706	3.03048509862617	2.14515674738139
S100A13	462.331096822141	6.50454981013331	2.86949730114127	42.689986608196	55.0110295766441	4.52572318738305
SAMSN1	0.156486340249496	1.32035921538796	0.55938923887173	922.015830888316	0.0374332047064495	0.0425002073525818
SAPCD2	2.92049375300748	2.03626784657436	0.678006544363507	0.0495948670494804	11.7671460153891	83.469844323817
SATB2	3.54101290910875	87.8564929121389	0.425228508565014	4.32063422064523	7.61238009427953	2.94296242095761
SCG2	42.8362089711476	260.805550957822	1810.97415095748	41.7504901213054	61.7203176423988	384.584548185051
SDC3	24.9274432407801	12.2049839089136	13.1649631198162	17.1199853543564	3.96593688065681	159.396688856656
SDC4	97.8129487896426	0.280321974424443	0.196478633495362	0	1.31788920239449	0.0359107256621356
SELENBP1	939.516018077912	0.455059517509564	0.4669139898534	537.204694265572	23.7169240060595	0.152454492587061
SELPLG	1.00284847375998	0.480544632790149	0.893579040277033	1145.53034885686	0.036252346513817	0.0439034739255272
SEMA5A	5.71233323590145	2.99095263752105	8.13094628641956	0	7.1977485580082	215.514014300644
SENP7	132.758337748103	58.8427462502551	102.773989216463	106.143040924129	98.5082263086919	347.777988490019
SERINC1	126.410479435875	585.980550616358	1406.65599972389	403.082170958696	645.901121446208	270.214709644214
SETD5	100.623662894636	82.4548861674984	81.4447841590397	47.7076934431474	43.5009806849078	303.825071961569
SEZ6L	10.9438383590966	58.9012335408664	96.4226432408171	11.4047067539875	6.96285797767146	337.819347853975
SEZ6L2	6.27284731167238	57.3948114309239	156.607549097263	2.35381115140826	41.1637597912892	22.3345531617146
SFXN5	286.318622172527	26.1580788716141	11.7519771280385	21.5635351799609	9.28870595083333	12.142507887032
SGCE	98.2910078147213	105.093032927058	113.432561455015	1.11292825497046	183.147787044729	357.146691298489
SH3BP2	76.127760802455	0.300591197366102	2.49129290510743	45.8972426835213	1.2052869972304	3.68258338737128
SH3GL2	2.62508813058107	348.497426218958	73.0621045141145	27.6060655777437	34.5999533860487	29.3731042661815
SH3GL3	3.90488773926417	168.481127435038	173.128960435403	6.77693812401654	609.458453513742	28.5093172366936
SH3TC2	0.134954259421587	0.0817365750848849	0.0829005734269804	0.0439524713400136	97.9640592685296	1.19106879074242
SHC3	9.86796689234342	33.4129557170731	33.2475124874369	1.90286570981025	2.72047001676537	100.259464191557
SLC10A4	10.4339003635665	4.16747721890848	211.268725190701	0.827377257944448	9.60379089019715	20.4473433857978
SLC13A5	119.317186264628	1.32882663515467	0.980325859199401	0	0.0299530682316594	5.28704056449866
SLC14A1	245.647549856701	0.685177764617535	0.548903199929706	0.0289272690590195	0.0179268957615867	0.0325656023535397
SLC17A7	6.93786489598679	658.632929487454	5.81406374243979	8.83258584841905	68.5059532275179	18.445467008989
SLC22A9	0.513835298012573	70.2184361910144	0.874685387488831	0.0418370107512377	0.0148156345228362	0.0269137539986096
SLC24A2	5.97238854971251	162.997798532793	121.148017737523	6.4875947690204	333.876617822556	46.7507439327708
SLC24A3	22.0709181972529	2.66836345370262	111.322703807078	0	0.0310274968812651	71.421068432857
SLC25A18	1182.57090199188	2.68156089282115	2.88434108737517	0.148576457868188	39.3297156766781	26.5710323452492
SLC25A27	230.764164912888	268.937814188703	178.964497915022	2.15184587581935	193.428037056203	684.223676476995
SLC25A36	136.833907140776	183.336776403769	140.571355795293	92.6591585510176	89.8758907691618	234.450035167338
SLC2A5	2.82348029174726	0.182528329823956	0.920961659127902	797.315974960324	0.470642511081433	9.13672812945331
SLC30A3	0.0775297449473012	59.0173935371134	5.11741186683935	0	0.801184756070064	3.94174762629842
SLC31A2	16.1847146981298	11.6427122777484	10.0195821751801	4.22406860409242	809.00134459087	21.3424713790062
SLC32A1	0.671906384008324	0.178195815390709	61.1020715023978	0	0.0133939322201398	0.0243311210391471
SLC38A11	4.65181459262661	76.206946272955	1.34825046604415	0.062567303353554	0.00738560015737788	7.02354712037687
SLC39A12	385.471033477467	0.18366483330209	1.15640863291946	0.0346704857614423	0.0368333136053846	0.0111517638096091
SLC4A3	16.3852805021754	29.9820661356617	86.2026896089085	0	2.50728088425211	21.1877483186081
SLC4A4	263.876255038439	14.1264093131385	16.153859147079	13.8704630605735	1.10486450407069	29.589981992057
SLC5A11	1.04181626021165	0.465287318831151	0.286573420295501	3.46161359732256	498.590875440749	0.0568904929773361
SLC6A7	0.0114210707453794	60.3879504888099	7.65867586834523	0.520752736122653	0.0230516057332441	0
SLC7A11	345.41250947752	1.30336546194369	4.45557607804023	0.0410952824052892	0.717461329530498	10.1728037051386
SLCO1A2	12.0500626295434	0.146013249591198	0.0622136944718822	6.66627759178715	317.371961402215	0.05804964018516
SLCO1C1	1049.62740716134	0.287874966042467	2.15070032189589	0.0992150053687949	0.0351347582518624	4.18851725047788
SLCO2B1	0.00479705498954993	0.39561187639713	0.180144112367834	441.081861278277	0.0116185064708964	0.0211059218899454
SLIT1	5.16091200365894	86.192587713474	28.7237415107372	2.98287705666443	8.07670832068604	23.1963998949843
SLIT2	0.0287970340048252	27.6509924266171	122.718793468542	0.0358097317379095	18.607561392286	18.9320852556734
SMOC1	5.54915625380992	0.399778604742508	13.9670891657342	0.0520613497423155	39.7165150914428	398.627490302452
SORBS1	494.895726984329	145.231707543182	90.5537969037123	1.45191503637714	10.988784201863	66.1115573550744
SORT1	73.7305689125906	87.8887110523362	83.245404806502	96.0197430387042	569.667881782382	86.6268106543429
SOX4	7.50963374821956	15.2129227219863	21.783532630929	25.8601603458693	0.996333961136346	314.989954910508
SOX9	242.334918837554	9.34225285579557	6.15079988031705	0.04948143533323	20.9571913166096	43.8398138883352
SP100	0.0251262063057506	0.359620566143024	0.398805685876997	216.145817707616	1.60704594888849	4.29914492890316
SPG7	59.9533317211038	99.287583217983	85.9071741602895	37.5042809668202	46.2164349969148	206.761180011726
SPINT2	14.2305115438083	137.294570307482	398.212091571116	135.767159521399	31.1470021855682	0.12164210290881
SPOCK2	35.1765281488738	39.5813866944013	119.170801922066	0.0155643043993813	4.45349209911896	28.1001342189363
SPRY4	26.6051032951277	9.64716236442142	19.1233055058767	0.0277719937293196	1.27115122332113	273.019571647846
SRGAP2B	0.185649144852121	2.96499816485993	3.45193212022179	49.0680459770338	0.47434944974089	1.34340288525173
SRGN	8.49640684807407	0.978658738107918	4.69672966026874	768.978103189456	0.178703253568708	0.024971413698072
SST	1.58786315292544	5.22984843754221	4083.41734766409	135.711252942995	25.884261452827	7.67989506407318
SSTR1	0.0248796221842073	29.1932740612068	23.4083825678195	0.0453762405118294	4.42700205676686	128.949214536552
ST18	0.0495039948030413	0.520049303720816	5.72428802953787	4.07702003205906	567.272526193069	5.1275166843127
STAB1	0.0131914566653199	0.13850975726488	0.0515553445031607	196.718374134249	0.02342986512301	0.0193464430850008
STK32A	1.16504904703733	2.4394382628489	10.4101397834208	0	0.0152198399852728	245.962357353124
STON2	92.2887564139561	0.133346635511734	0.638583965656459	8.05530436086125	0.307183952597169	2.34786682314889
STOX1	257.81550946219	15.8525706500213	16.0843817135297	0	5.55451516528262	22.8818009679394
STRN	16.2895976334177	30.3262808399734	21.3339972536555	6.85750261603689	115.998570135473	36.4557077600851
STX1A	5.04753993170626	292.36077200033	70.058150940923	43.9264514769803	19.8305845787249	10.1332598387609
SULF2	0.0523539642627382	20.5562314069389	19.5211444314837	16.3716669119168	1.72239016861861	505.870092507687
SUN2	21.8740125216687	7.26657781273066	3.90906900758763	3.65024571078494	109.252761785927	3.83730815927684
SV2B	1.5587441936261	131.435111556204	2.85806402729952	7.08363129615886	15.0705392915292	3.90952759378446
SYK	0.0156853566637184	0.0963600786197029	0.0544167172386311	339.069786277285	0.0158291926238016	0.0230039689824663
SYNPR	13.518982840697	104.876383810487	1181.29658603536	0.243319221372722	0.789855172620882	0.0782636420428882
SYT7	0.632364056610942	47.9161998143056	9.62220597000034	1.75612598908448	1.21630591788876	2.0545068774153
TAC1	0.0898640225525536	3.35710774970829	1445.28181949923	36.8767894008068	11.3759130989721	0.13179357229538
TAC3	28.2962671552273	3.29585759973402	1792.26872657366	0	3.9494048927822	0.225079265246234
TAL1	0.0123831763134619	0.0466336930813005	0.0857457832320857	297.851534218727	1.31465610317679	0.0227012851800654
TANC2	8.6653066222493	66.0189001125643	43.1021828445541	26.4447657358876	22.9021732276012	97.3862268644612
TAOK3	192.054019098472	238.225551073451	298.257975128128	95.0191940227456	94.294747791121	1342.92543168066
TBR1	0.0134034474315673	65.1520389835369	0.202323149133577	0	8.55406886476236	0.10811540506943
TBXAS1	12.5176247970315	0.184946593350048	0.315557828148079	335.565184125133	1.75035925447402	0.0158192234288367
TEK	0.120833300666347	9.15272186675443	15.0826963142147	0.0408110350107441	2.31236933370044	234.531255752295
TESC	3.26010750695085	169.671434056535	3.09242053439563	69.3686817697514	16.9617929887672	0.0590276206925208
TESPA1	3.11675355914189	101.786261448577	0.437515179521575	2.2658539315032	4.19313005559145	4.26319671186822
TF	33.4062775326877	31.2245716380712	18.8633482684524	43.4916329910139	2784.50289002532	78.3011176986202
TFEC	0.00538572121540843	1.28507001788841	0.00106768652276218	174.167834556334	0.00434808696363223	0.00394931930601366
TGFBR3L	5.01137267582236	44.3554718165198	7.37090640254711	6.61747424353543	0.482470753183686	3.39309692229932
THBS4	22.396598426958	5.88780482034207	6.41633538691432	0.130888308709505	33.9058624530642	331.648789888554
THSD7A	44.8293434653958	14.9098942740854	148.208722211863	0.0268022549375415	0.398639412073473	92.5544858817958
TIMP2	30.3597105523545	49.7711928408629	391.037617333183	199.95674779866	336.935512560357	218.333753592014
TJAP1	23.9941961154998	18.7944627505328	14.310980813234	59.9510916903474	284.377655437202	29.7903039489245
TLE2	0.332490799218141	42.6371699623371	208.83241119067	0.065913828042065	17.051255593131	174.506967847416
TLL1	0.0488261874193614	13.3556555076655	1.00058323923539	0.0222626855746924	0.00197095709665218	54.9555146329797
TMEM100	23.0505282049325	0.609488002501537	4.96009410046561	0.0407683098903392	0.0072185890985427	114.084224942724
TMEM125	0.0439878280974181	0.932729299756335	0.864557417836988	0.320905559186255	329.844372160832	3.62557763924368
TMEM163	4.68548621081758	37.9180878473761	20.0263025597985	1.41378380986393	3.01786526543641	272.644079688188
TMEM165	38.4694659614526	81.2230352967021	98.1603605778929	162.776821785822	1216.1482121696	205.188934990104
TMEM235	0.0364487739134291	0.0773442162356052	0.145340761182336	13.2952849461427	275.8667050964	4.69338104106208
TMEM63A	47.591045359303	0.533979882863362	1.26584279276466	26.858916733914	416.685056055301	7.40045059093167
TMEM98	7.46794575162927	2.71261627816714	0.860884327600136	0.104290009660557	1057.22342410925	21.5358179786603
TMTC4	34.1409546849061	30.2227196359814	34.5101398963323	22.7664439125518	301.698763624099	20.598172734555
TNFSF13B	22.4128665656964	34.502200623434	11.61742608197	45.3650932132514	2.1504364733081	152.716553621783
TNIK	346.601300709305	70.6453395932221	84.3238917097895	7.79988594990108	37.3173774844658	103.211776581633
TNK2	53.7858747456632	42.0317039930282	47.1821009112954	29.7344602056427	23.0747617327685	382.767010173525
TNKS	53.1874112698572	64.6756183406885	70.1504675194965	64.3509265232492	61.3711145770637	184.392997165494
TNNT2	0.0364986183905756	139.608540177842	6.51482292178506	1.77512887098585	0.0392888678457435	0
TNR	0.507175271144472	14.7030298390723	9.61125685621325	0.759066751183969	0.881434886017087	196.850473733285
TOX2	11.4842786528308	6.63969041246876	55.6098283446279	0.0688993092838854	0.0365987065123566	28.466404276396
TOX3	0.00847793994778111	2.01723104234443	62.4245633743586	0	8.32981328720604	38.8178618109936
TP53BP2	250.183140176979	3.07189872916806	7.64670992235992	72.2328801413321	43.2578020334988	38.0879429359939
TP53TG5	1.37512143626799	5.92258028757049	6.06382489884384	20.2194534156476	281.160837927281	1.90730236587151
TPCN1	277.500627982574	20.7694491357765	19.5341561713827	113.407484496052	61.574443226319	40.9680623635337
TPCN2	28.6386367757346	15.8055124864694	9.70650259776789	31.0021856449357	3.07308616631632	64.0031888712583
TREM2	1.18064649836056	0.243246025293709	0.0895420041075813	2271.1844332327	0.0646222709177881	0.0880435410798002
TRIM2	142.391057817483	179.994846973593	162.958437120937	27.6192625922341	641.951530161764	187.398187426771
TRIM54	0.0103648989118868	53.7214659276641	2.06475861344642	0	0.00836795668316503	0
TRIM59	0.0936477708705559	0.828795223101661	0.972249703076286	17.5821225006943	577.935216773279	8.07898678467035
TRIM9	143.264786184589	339.882127972831	167.745286617224	0.216011505757926	42.8360687108372	216.772610086678
TRIO	25.0566722990038	35.7882944405711	30.5832860970094	11.803496436952	4.77504303217635	108.20038071914
TRPS1	97.6322123150624	9.82141129902424	10.4336779218743	18.3856400470387	13.3194454131996	24.2941446966188
TSHZ2	0.899266771751078	39.1159623953868	7.82851602882735	0.0460705374326666	1.67091179533372	9.62467492495139
TTC16	0.541443120667249	0.129818624876572	0.186007758424617	0.0536685358424091	0	31.460883923252
TTYH2	95.7986400177683	1.55034015105299	1.08650366162545	67.119468248301	474.856455946921	28.1699807156226
TUBA1A	140.338219579004	368.983981768715	349.867986178009	158.535641050525	1659.28192792717	391.072791672946
TUBB4A	4.7300037216633	93.9348384813869	63.2527264556301	21.9602500173151	422.394102200395	83.0940946036121
TULP3	259.059402420661	11.9724146795607	19.8571004054443	24.9498906369709	60.7714098203972	15.6268309095114
TYROBP	0.216768444248596	0.954983519200662	1.62888237984751	2664.48842807657	3.67510463059614	0.370895210561211
UBASH3B	7.00700139751093	5.9652687001127	50.5445471805352	20.4163736848402	0.815359127964486	7.3402785916007
UGT8	1.0070754337138	0.832944636302372	1.34911242186246	17.0746989211346	876.394345109109	263.241190381248
UNC13B	20.735126087864	90.8456359729275	11.5135791691208	12.5632286124517	17.8652246179608	16.1274180106912
UPP1	13.8088258532033	123.422134887319	284.182973368653	65.0417720479946	22.7606277068714	48.6365909861435
USP24	107.747455183452	48.7492967373631	58.1819181272435	132.91066340882	45.4320978215861	297.946591264314
VCAN	54.9217928230341	5.65028505527932	16.5594795741147	0.0627285592900322	1.09958832858549	733.574886515962
VIP	0.0478844847689768	1.15560296726546	989.95886933499	0.0873332352708051	0.780909202735733	0.0842722209752382
VIPR1	0.0197244265667314	47.3250418938758	1.76854920922566	25.2417790987731	1.68266145442354	1.27281544776427
VSTM2A	0.485866670046061	46.2550859346814	227.040274853485	4.92801776376603	7.85049053211383	28.7595771560695
VSTM2L	0.705930805850274	25.5288837292167	74.8163189774906	0.0990383764172228	1.35028004993249	6.92861467861714
VWC2	0.0078211325122662	14.9443641176313	104.450002542282	0	4.12322636302562	72.1601960155721
WASF1	10.364207342318	440.952200114178	135.926398275487	24.0341937525992	121.758585328134	183.201287474905
WSCD1	8.71064041888514	1.53414245671156	8.48373694311561	0.0103053587401429	15.7216606807694	154.721150544075
XAF1	237.042877195491	0.182539725408044	0.164744105397135	218.754629984463	2.37641498444816	34.9644403499132
YAP1	62.44206087356	0.206179882448465	0.174345844478405	0.0329067852013284	0.122358562147615	0.00529223470971477
ZBBX	2.54241341470932	109.343016717518	18.0029787563147	0.0208870894696696	0.133140456473615	0.530748352159022
ZBTB18	53.4802774641912	88.5467371885377	31.9649476167631	35.3588586022264	30.9395942585796	37.9657392687259
ZC3H8	114.964288054892	177.893316918115	173.20295715057	52.2115364046893	106.973997883741	296.287056385416
ZCCHC12	0.0388742681083054	7.07972308873393	84.084375027921	0	7.50091905942553	6.11459787960719
ZDHHC21	118.946125039128	168.594381987867	114.151288822492	169.1780908031	71.053022159898	291.456997144136
ZDHHC23	9.97209324938233	80.5371656354662	4.32133846914369	0.0247784993683202	5.33065889088668	1.73347626090116
ZDHHC9	7.45471781100661	14.7556762591902	17.2457192056683	29.938201924086	259.193505011392	29.4718202904797
ZEB1	76.4349667858677	76.9282100048853	61.8605110482239	96.5389023084809	1.10746868058201	189.521849630709
ZFYVE16	273.902170839338	138.01672951241	151.683633519276	162.327707403358	955.448862699537	330.963757502941
ZHX3	106.466218515879	16.5554786409856	18.0176900579128	0.562791909651691	24.1065160352303	22.8859790382688
ZNF385D	0.160686701084021	12.1235734280128	140.694747300701	0.00814070775300025	0.0144142409627226	23.5373291509231
ZNF577	47.8295641412721	42.0618559517924	20.0672268837886	1.63667745327041	34.1894414538836	141.250844035491
ZNF608	47.1874810062416	6.36538870005026	59.4186095790377	8.18652174457617	68.3188604588522	60.6167753210501
ZNRF3	176.319098346794	8.16638553405717	5.11700100801629	24.4599654271997	9.56289973382323	7.19619480328532
